pickup_datetime,base_passenger_fare
2026-03-01 00:45:49.000000000,48.02999999999998
2026-03-01 00:36:44.000000000,18.183999999999994
2026-03-01 00:38:05.000000000,11.699333333333332
2026-03-01 00:01:04.000000000,7.098
2026-03-01 00:43:49.000000000,85.27499999999999
2026-03-01 00:05:03.000000000,15.305000000000005
2026-03-01 00:34:55.000000000,12.458
2026-03-01 00:27:54.000000000,77.922
2026-03-01 00:18:28.000000000,12.250666666666666
2026-03-01 00:56:18.000000000,26.912333333333326
2026-03-01 00:02:02.000000000,16.793333333333333
2026-03-01 00:49:18.000000000,17.365999999999996
2026-03-01 00:59:53.000000000,13.747666666666664
2026-03-01 00:31:00.000000000,16.927999999999994
2026-03-01 00:00:08.000000000,80.52233333333336
2026-03-01 00:32:09.000000000,68.16233333333334
2026-03-01 00:29:25.000000000,8.362999999999998
2026-03-01 00:27:22.000000000,29.376666666666665
2026-03-01 00:13:06.000000000,39.38366666666668
2026-03-01 00:57:29.000000000,12.723
2026-03-01 00:45:18.000000000,6.418333333333331
2026-03-01 00:29:53.000000000,19.83833333333333
2026-03-01 00:26:03.000000000,17.441
2026-03-01 00:13:54.000000000,23.00466666666666
2026-03-01 00:01:03.000000000,51.64866666666668
2026-03-01 00:50:17.000000000,10.328999999999999
2026-03-01 00:35:16.000000000,81.58733333333333
2026-03-01 00:06:20.000000000,81.40133333333331
2026-03-01 00:33:38.000000000,73.77633333333334
2026-03-01 00:51:47.000000000,65.30166666666666
2026-03-01 00:55:48.000000000,10.295666666666667
2026-03-01 00:12:48.000000000,44.75366666666666
2026-03-01 01:10:22.000000000,9.869666666666664
2026-03-01 01:24:02.000000000,177.39366666666666
2026-03-01 01:10:52.000000000,28.381666666666675
2026-03-01 01:18:13.000000000,23.026
2026-03-01 01:15:10.000000000,21.95333333333333
2026-03-01 01:10:33.000000000,41.10900000000001
2026-03-01 01:10:27.000000000,9.907999999999998
2026-03-01 01:01:07.000000000,38.850666666666676
2026-03-01 01:45:39.000000000,26.864666666666672
2026-03-01 01:15:41.000000000,9.061333333333332
2026-03-01 01:50:39.000000000,16.828666666666663
2026-03-01 01:29:43.000000000,17.035333333333327
2026-03-01 01:25:54.000000000,8.544333333333334
2026-03-01 01:16:19.000000000,22.99833333333333
2026-03-01 01:30:24.000000000,44.75566666666666
2026-03-01 01:32:22.000000000,28.284999999999993
2026-03-01 01:01:10.000000000,26.22266666666666
2026-03-01 01:13:37.000000000,16.341333333333335
2026-03-01 01:04:12.000000000,16.882666666666665
2026-03-01 01:35:44.000000000,12.068999999999999
2026-03-01 01:48:21.000000000,6.311333333333335
2026-03-01 01:58:14.000000000,27.258999999999997
2026-03-01 01:40:21.000000000,49.495666666666665
2026-03-01 02:21:34.000000000,75.955
2026-03-01 02:39:24.000000000,63.428000000000004
2026-03-01 02:01:29.000000000,41.26433333333333
2026-03-01 02:07:02.000000000,24.465999999999998
2026-03-01 02:29:12.000000000,36.29766666666668
2026-03-01 02:19:23.000000000,52.974
2026-03-01 02:11:38.000000000,25.43666666666667
2026-03-01 02:39:50.000000000,12.468999999999998
2026-03-01 02:05:26.000000000,8.916
2026-03-01 02:13:51.000000000,12.716666666666669
2026-03-01 02:06:47.000000000,15.806
2026-03-01 02:32:26.000000000,20.066333333333336
2026-03-01 02:34:29.000000000,19.68166666666666
2026-03-01 02:09:44.000000000,29.333333333333336
2026-03-01 02:31:48.000000000,36.41066666666667
2026-03-01 03:20:59.000000000,48.684999999999995
2026-03-01 03:53:53.000000000,17.752333333333333
2026-03-01 03:23:31.000000000,17.154333333333334
2026-03-01 03:06:48.000000000,8.794
2026-03-01 03:05:16.000000000,19.392666666666663
2026-03-01 03:17:19.000000000,27.891999999999996
2026-03-01 03:28:15.000000000,19.298000000000005
2026-03-01 03:12:04.000000000,68.85533333333333
2026-03-01 03:34:27.000000000,13.987000000000002
2026-03-01 03:44:14.000000000,89.41399999999996
2026-03-01 03:46:42.000000000,19.410333333333334
2026-03-01 03:07:58.000000000,15.598
2026-03-01 03:00:15.000000000,17.453000000000007
2026-03-01 03:13:54.000000000,31.59800000000001
2026-03-01 03:16:06.000000000,21.428
2026-03-01 03:33:03.000000000,54.626000000000005
2026-03-01 04:57:36.000000000,32.765666666666675
2026-03-01 04:18:34.000000000,43.11766666666667
2026-03-01 04:08:18.000000000,27.003999999999987
2026-03-01 04:40:15.000000000,41.945
2026-03-01 04:42:06.000000000,40.91566666666666
2026-03-01 04:53:26.000000000,18.486666666666665
2026-03-01 04:02:57.000000000,38.841
2026-03-01 04:01:43.000000000,45.36866666666668
2026-03-01 04:49:48.000000000,41.199666666666666
2026-03-01 05:11:13.000000000,49.80033333333332
2026-03-01 05:10:11.000000000,61.82233333333333
2026-03-01 06:04:53.000000000,16.026333333333334
2026-03-01 06:28:36.000000000,24.91699999999999
2026-03-01 06:00:06.000000000,16.28099999999999
2026-03-01 06:03:12.000000000,9.744666666666667
2026-03-01 06:13:49.000000000,24.236333333333345
2026-03-01 06:00:55.000000000,25.545666666666662
2026-03-01 06:43:00.000000000,11.618666666666668
2026-03-01 06:53:59.000000000,63.581999999999994
2026-03-01 07:38:51.000000000,20.218333333333337
2026-03-01 07:31:13.000000000,14.113333333333337
2026-03-01 07:49:02.000000000,7.365666666666666
2026-03-01 07:52:43.000000000,20.580333333333332
2026-03-01 07:15:31.000000000,13.657666666666671
2026-03-01 07:46:07.000000000,20.63
2026-03-01 07:44:34.000000000,15.557333333333338
2026-03-01 08:44:41.000000000,9.786
2026-03-01 08:31:09.000000000,48.39133333333334
2026-03-01 08:30:48.000000000,7.966666666666668
2026-03-01 08:59:18.000000000,11.584333333333337
2026-03-01 08:14:47.000000000,39.90366666666666
2026-03-01 08:00:19.000000000,52.24
2026-03-01 08:32:58.000000000,8.72
2026-03-01 08:06:14.000000000,18.756666666666664
2026-03-01 08:13:35.000000000,24.732333333333333
2026-03-01 08:46:29.000000000,13.244333333333334
2026-03-01 08:04:10.000000000,8.846999999999998
2026-03-01 08:27:56.000000000,7.324666666666666
2026-03-01 09:31:05.000000000,42.306000000000004
2026-03-01 09:43:24.000000000,16.714666666666666
2026-03-01 09:51:47.000000000,38.74999999999999
2026-03-01 09:46:40.000000000,41.31866666666667
2026-03-01 09:52:13.000000000,18.818
2026-03-01 09:19:13.000000000,12.759999999999998
2026-03-01 09:50:36.000000000,11.18533333333333
2026-03-01 09:04:37.000000000,10.245666666666665
2026-03-01 09:09:29.000000000,45.96133333333333
2026-03-01 10:00:46.000000000,8.229666666666668
2026-03-01 10:15:22.000000000,12.383000000000003
2026-03-01 10:26:25.000000000,12.322999999999999
2026-03-01 10:27:16.000000000,17.376333333333335
2026-03-01 10:12:50.000000000,65.407
2026-03-01 10:33:55.000000000,45.154666666666664
2026-03-01 10:02:31.000000000,12.21633333333333
2026-03-01 10:39:04.000000000,20.694000000000003
2026-03-01 10:35:27.000000000,35.86533333333333
2026-03-01 10:16:11.000000000,70.14133333333334
2026-03-01 10:55:11.000000000,6.919
2026-03-01 10:44:01.000000000,21.57966666666667
2026-03-01 10:06:03.000000000,25.88633333333333
2026-03-01 10:51:02.000000000,35.75033333333333
2026-03-01 10:53:07.000000000,29.873000000000005
2026-03-01 10:22:49.000000000,46.108
2026-03-01 10:54:40.000000000,11.222000000000001
2026-03-01 10:13:02.000000000,80.40366666666665
2026-03-01 10:33:29.000000000,31.595000000000006
2026-03-01 10:43:59.000000000,32.69166666666668
2026-03-01 11:43:33.000000000,27.057333333333343
2026-03-01 11:33:57.000000000,21.657333333333334
2026-03-01 11:12:51.000000000,13.324333333333334
2026-03-01 11:48:46.000000000,20.318000000000005
2026-03-01 11:51:17.000000000,31.95166666666666
2026-03-01 11:13:35.000000000,25.974999999999998
2026-03-01 11:08:13.000000000,16.078666666666667
2026-03-01 11:32:39.000000000,7.966333333333335
2026-03-01 11:45:27.000000000,10.882999999999997
2026-03-01 11:28:56.000000000,35.526666666666664
2026-03-01 11:08:29.000000000,23.297666666666668
2026-03-01 11:16:24.000000000,57.817333333333345
2026-03-01 11:52:12.000000000,28.037666666666667
2026-03-01 11:05:23.000000000,32.23666666666667
2026-03-01 11:56:22.000000000,25.19266666666667
2026-03-01 12:31:49.000000000,12.978333333333332
2026-03-01 12:37:49.000000000,49.681999999999995
2026-03-01 12:15:47.000000000,12.548333333333334
2026-03-01 12:08:46.000000000,10.672333333333336
2026-03-01 12:34:29.000000000,23.573666666666668
2026-03-01 12:42:28.000000000,15.522333333333332
2026-03-01 12:20:35.000000000,56.85133333333335
2026-03-01 12:55:10.000000000,8.119666666666665
2026-03-01 12:52:47.000000000,18.882666666666662
2026-03-01 12:48:45.000000000,9.982000000000001
2026-03-01 12:57:04.000000000,17.028000000000006
2026-03-01 12:10:59.000000000,17.221666666666668
2026-03-01 12:51:44.000000000,8.974333333333336
2026-03-01 12:11:25.000000000,10.832
2026-03-01 12:31:11.000000000,25.230999999999998
2026-03-01 12:21:47.000000000,41.803
2026-03-01 12:55:15.000000000,15.850333333333333
2026-03-01 12:38:50.000000000,32.954
2026-03-01 12:23:00.000000000,16.23633333333333
2026-03-01 12:51:11.000000000,20.374
2026-03-01 12:56:48.000000000,19.994666666666667
2026-03-01 13:36:56.000000000,11.539333333333335
2026-03-01 13:14:34.000000000,6.043666666666668
2026-03-01 13:14:07.000000000,12.196999999999997
2026-03-01 13:13:42.000000000,22.226666666666674
2026-03-01 13:12:55.000000000,34.643
2026-03-01 13:18:37.000000000,9.203999999999999
2026-03-01 13:01:15.000000000,26.242333333333324
2026-03-01 13:18:06.000000000,6.882666666666667
2026-03-01 13:52:07.000000000,23.129999999999995
2026-03-01 13:14:32.000000000,49.45933333333333
2026-03-01 13:48:28.000000000,8.467666666666668
2026-03-01 13:38:45.000000000,23.461333333333336
2026-03-01 13:52:02.000000000,17.918666666666663
2026-03-01 14:56:50.000000000,25.643333333333324
2026-03-01 14:13:20.000000000,12.648333333333333
2026-03-01 14:38:00.000000000,22.675666666666668
2026-03-01 14:50:50.000000000,16.51966666666667
2026-03-01 14:02:58.000000000,8.586666666666668
2026-03-01 14:51:48.000000000,14.800999999999997
2026-03-01 14:37:44.000000000,25.763
2026-03-01 14:26:58.000000000,10.728
2026-03-01 14:12:51.000000000,13.962666666666665
2026-03-01 14:27:16.000000000,23.123
2026-03-01 14:34:04.000000000,9.709666666666669
2026-03-01 14:40:05.000000000,8.994666666666669
2026-03-01 14:40:07.000000000,13.832
2026-03-01 14:45:04.000000000,60.954666666666675
2026-03-01 14:38:49.000000000,25.764
2026-03-01 14:59:24.000000000,46.061
2026-03-01 14:07:00.000000000,10.297666666666666
2026-03-01 14:34:34.000000000,18.281
2026-03-01 15:33:57.000000000,37.73866666666667
2026-03-01 15:25:47.000000000,20.841
2026-03-01 15:34:17.000000000,9.051999999999998
2026-03-01 15:45:39.000000000,43.992333333333335
2026-03-01 15:34:32.000000000,21.100666666666665
2026-03-01 15:52:54.000000000,56.24533333333332
2026-03-01 15:01:01.000000000,18.791999999999994
2026-03-01 15:03:46.000000000,24.188999999999997
2026-03-01 15:28:00.000000000,12.603666666666665
2026-03-01 15:39:10.000000000,30.591999999999995
2026-03-01 15:44:15.000000000,14.982666666666667
2026-03-01 15:51:24.000000000,126.81833333333333
2026-03-01 15:07:36.000000000,11.584000000000001
2026-03-01 15:16:52.000000000,67.86733333333335
2026-03-01 15:00:12.000000000,16.374000000000002
2026-03-01 15:45:41.000000000,35.07733333333333
2026-03-01 15:14:48.000000000,54.32333333333334
2026-03-01 15:23:10.000000000,43.95233333333333
2026-03-01 16:16:55.000000000,33.788000000000004
2026-03-01 16:06:55.000000000,14.700333333333333
2026-03-01 16:44:10.000000000,34.37133333333335
2026-03-01 16:20:19.000000000,17.68433333333333
2026-03-01 16:28:17.000000000,24.112
2026-03-01 16:36:38.000000000,20.88866666666667
2026-03-01 16:14:31.000000000,13.184666666666667
2026-03-01 16:16:07.000000000,8.846666666666664
2026-03-01 16:10:38.000000000,18.156333333333333
2026-03-01 16:44:09.000000000,28.742333333333338
2026-03-01 16:55:11.000000000,11.746000000000004
2026-03-01 16:35:27.000000000,48.72566666666668
2026-03-01 16:56:43.000000000,8.330333333333332
2026-03-01 16:58:57.000000000,102.02966666666666
2026-03-01 17:22:39.000000000,10.754000000000001
2026-03-01 17:18:27.000000000,20.458333333333332
2026-03-01 17:59:00.000000000,14.30433333333333
2026-03-01 17:18:21.000000000,13.87366666666667
2026-03-01 17:09:30.000000000,25.24033333333334
2026-03-01 17:01:29.000000000,16.75733333333334
2026-03-01 17:37:04.000000000,52.67733333333334
2026-03-01 17:34:31.000000000,11.099333333333336
2026-03-01 17:54:51.000000000,51.18833333333335
2026-03-01 17:32:18.000000000,15.928333333333333
2026-03-01 17:45:45.000000000,21.178666666666665
2026-03-01 17:00:09.000000000,15.01866666666667
2026-03-01 17:43:07.000000000,11.729999999999995
2026-03-01 17:09:36.000000000,23.299
2026-03-01 17:01:43.000000000,39.096
2026-03-01 17:09:36.000000000,27.561666666666657
2026-03-01 17:55:50.000000000,7.5779999999999985
2026-03-01 17:54:09.000000000,21.37066666666667
2026-03-01 17:02:30.000000000,7.540333333333334
2026-03-01 18:29:46.000000000,18.884333333333338
2026-03-01 18:18:35.000000000,7.635333333333333
2026-03-01 18:16:31.000000000,38.94166666666668
2026-03-01 18:19:42.000000000,40.80033333333334
2026-03-01 18:05:12.000000000,10.856333333333335
2026-03-01 18:12:29.000000000,15.151666666666669
2026-03-01 18:06:06.000000000,39.108
2026-03-01 18:12:21.000000000,33.37566666666667
2026-03-01 18:28:02.000000000,33.65866666666667
2026-03-01 18:50:24.000000000,18.984333333333332
2026-03-01 18:32:39.000000000,44.376999999999995
2026-03-01 18:04:30.000000000,28.552666666666674
2026-03-01 18:50:23.000000000,17.05433333333333
2026-03-01 18:25:02.000000000,31.391333333333343
2026-03-01 19:52:14.000000000,81.04599999999998
2026-03-01 19:52:01.000000000,9.505333333333336
2026-03-01 19:12:56.000000000,51.74433333333333
2026-03-01 19:25:02.000000000,84.43633333333334
2026-03-01 19:22:59.000000000,19.354666666666663
2026-03-01 19:11:22.000000000,38.76700000000001
2026-03-01 19:42:09.000000000,9.106999999999998
2026-03-01 19:52:01.000000000,90.45833333333334
2026-03-01 19:48:08.000000000,190.81233333333336
2026-03-01 19:17:53.000000000,13.089333333333334
2026-03-01 19:56:13.000000000,10.898999999999997
2026-03-01 19:24:48.000000000,14.085
2026-03-01 19:56:17.000000000,40.09066666666667
2026-03-01 19:35:53.000000000,25.414999999999996
2026-03-01 19:27:55.000000000,9.049666666666667
2026-03-01 19:01:31.000000000,10.017000000000003
2026-03-01 19:26:17.000000000,10.899999999999999
2026-03-01 19:30:46.000000000,25.79733333333333
2026-03-01 19:03:13.000000000,76.00733333333334
2026-03-01 19:29:48.000000000,6.868000000000001
2026-03-01 19:12:09.000000000,17.03833333333333
2026-03-01 19:02:57.000000000,16.623666666666665
2026-03-01 19:21:13.000000000,12.975333333333335
2026-03-01 19:52:38.000000000,11.830999999999998
2026-03-01 20:42:22.000000000,13.059000000000003
2026-03-01 20:54:15.000000000,20.800333333333338
2026-03-01 20:23:25.000000000,39.33866666666667
2026-03-01 20:03:25.000000000,23.42033333333333
2026-03-01 20:00:55.000000000,45.12833333333332
2026-03-01 20:02:39.000000000,27.824666666666662
2026-03-01 20:35:50.000000000,32.256
2026-03-01 20:33:12.000000000,15.378999999999998
2026-03-01 20:45:45.000000000,42.07266666666667
2026-03-01 20:56:58.000000000,10.600333333333335
2026-03-01 20:58:38.000000000,12.434000000000001
2026-03-01 20:06:21.000000000,9.998333333333331
2026-03-01 20:05:56.000000000,17.634
2026-03-01 20:11:59.000000000,21.61233333333333
2026-03-01 20:40:21.000000000,21.454333333333334
2026-03-01 20:02:31.000000000,22.50833333333333
2026-03-01 20:56:55.000000000,8.261333333333333
2026-03-01 21:24:24.000000000,38.524333333333324
2026-03-01 21:19:54.000000000,41.77499999999999
2026-03-01 21:19:54.000000000,7.407333333333333
2026-03-01 21:53:29.000000000,19.140333333333334
2026-03-01 21:12:06.000000000,13.102
2026-03-01 21:19:57.000000000,16.579666666666668
2026-03-01 21:44:00.000000000,42.92699999999999
2026-03-01 21:07:33.000000000,30.32133333333333
2026-03-01 21:55:20.000000000,35.339999999999996
2026-03-01 21:15:13.000000000,6.234333333333335
2026-03-01 21:35:49.000000000,97.78633333333339
2026-03-01 21:48:18.000000000,11.158000000000003
2026-03-01 21:15:03.000000000,31.83266666666666
2026-03-01 22:37:28.000000000,25.24900000000001
2026-03-01 22:44:50.000000000,9.127999999999997
2026-03-01 22:35:52.000000000,19.909000000000006
2026-03-01 22:24:04.000000000,8.954666666666668
2026-03-01 22:41:40.000000000,27.19166666666666
2026-03-01 22:07:16.000000000,6.957666666666667
2026-03-01 22:22:01.000000000,5.834666666666667
2026-03-01 23:33:44.000000000,53.16733333333334
2026-03-01 23:35:56.000000000,11.764000000000001
2026-03-01 23:26:11.000000000,21.362666666666662
2026-03-01 23:41:25.000000000,18.02033333333333
2026-03-01 23:33:23.000000000,54.36633333333332
2026-03-01 23:56:13.000000000,22.722666666666665
2026-03-01 23:51:14.000000000,9.63
2026-03-01 23:19:29.000000000,9.743
2026-03-01 23:19:05.000000000,37.126999999999995
2026-03-01 23:21:50.000000000,20.35066666666667
2026-03-01 23:56:34.000000000,19.699666666666662
2026-03-02 00:11:29.000000000,33.92466666666666
2026-03-02 00:34:18.000000000,36.83299999999999
2026-03-02 00:39:42.000000000,12.419999999999998
2026-03-02 00:15:29.000000000,21.415666666666663
2026-03-02 00:57:48.000000000,28.738333333333333
2026-03-02 00:32:34.000000000,9.37
2026-03-02 01:06:07.000000000,11.59566666666667
2026-03-02 01:39:04.000000000,10.75966666666667
2026-03-02 01:59:33.000000000,19.064000000000007
2026-03-02 02:57:56.000000000,26.22833333333333
2026-03-02 02:20:49.000000000,36.087666666666664
2026-03-02 02:31:46.000000000,12.527333333333333
2026-03-02 02:32:24.000000000,58.868
2026-03-02 03:06:18.000000000,13.257000000000001
2026-03-02 03:07:21.000000000,39.403333333333336
2026-03-02 03:15:58.000000000,12.546333333333333
2026-03-02 03:35:27.000000000,17.635
2026-03-02 03:39:41.000000000,24.534999999999993
2026-03-02 04:57:41.000000000,16.370999999999995
2026-03-02 04:45:05.000000000,64.588
2026-03-02 05:57:47.000000000,15.931666666666667
2026-03-02 05:50:43.000000000,16.927999999999994
2026-03-02 05:42:29.000000000,14.922333333333336
2026-03-02 05:25:34.000000000,8.549000000000001
2026-03-02 05:59:07.000000000,62.782000000000004
2026-03-02 05:14:45.000000000,5.265333333333334
2026-03-02 06:40:33.000000000,8.177000000000001
2026-03-02 06:44:22.000000000,31.495333333333335
2026-03-02 06:31:55.000000000,23.595999999999993
2026-03-02 06:10:41.000000000,86.92766666666668
2026-03-02 06:31:06.000000000,56.84066666666667
2026-03-02 06:02:41.000000000,80.53299999999997
2026-03-02 06:39:30.000000000,14.660666666666668
2026-03-02 06:23:28.000000000,20.481999999999996
2026-03-02 06:50:33.000000000,27.98033333333332
2026-03-02 06:34:06.000000000,20.358
2026-03-02 07:30:35.000000000,21.012000000000004
2026-03-02 07:58:12.000000000,9.466333333333333
2026-03-02 07:09:54.000000000,29.838999999999995
2026-03-02 07:39:11.000000000,19.761666666666667
2026-03-02 07:58:29.000000000,20.787666666666667
2026-03-02 07:45:00.000000000,45.443000000000005
2026-03-02 07:12:48.000000000,14.04366666666667
2026-03-02 07:11:47.000000000,23.463
2026-03-02 07:49:27.000000000,22.04533333333333
2026-03-02 07:51:12.000000000,15.886
2026-03-02 07:18:08.000000000,47.66700000000001
2026-03-02 07:34:16.000000000,14.272666666666664
2026-03-02 08:42:37.000000000,55.673
2026-03-02 08:18:04.000000000,14.611666666666668
2026-03-02 08:48:36.000000000,29.448999999999998
2026-03-02 08:07:19.000000000,15.65266666666667
2026-03-02 08:28:47.000000000,15.573
2026-03-02 08:49:49.000000000,7.022
2026-03-02 08:06:26.000000000,20.575666666666663
2026-03-02 08:17:02.000000000,34.918
2026-03-02 08:17:38.000000000,11.999333333333338
2026-03-02 08:15:42.000000000,21.05933333333333
2026-03-02 08:52:26.000000000,26.85066666666667
2026-03-02 08:28:22.000000000,20.073333333333334
2026-03-02 08:59:15.000000000,9.186
2026-03-02 08:07:44.000000000,18.967333333333332
2026-03-02 08:44:52.000000000,49.411666666666676
2026-03-02 08:56:05.000000000,12.531666666666665
2026-03-02 08:15:13.000000000,29.35866666666666
2026-03-02 08:02:21.000000000,28.114
2026-03-02 08:05:37.000000000,42.838333333333324
2026-03-02 08:02:05.000000000,41.20933333333334
2026-03-02 09:17:22.000000000,13.261000000000001
2026-03-02 09:57:59.000000000,10.763
2026-03-02 09:48:41.000000000,12.655666666666667
2026-03-02 09:39:41.000000000,7.711333333333332
2026-03-02 09:33:19.000000000,15.892999999999999
2026-03-02 09:20:45.000000000,15.446333333333333
2026-03-02 09:41:35.000000000,10.964666666666666
2026-03-02 09:33:53.000000000,11.485666666666665
2026-03-02 09:22:41.000000000,9.498999999999997
2026-03-02 09:11:27.000000000,47.14033333333335
2026-03-02 09:53:23.000000000,20.788000000000007
2026-03-02 09:47:01.000000000,14.752000000000006
2026-03-02 09:10:35.000000000,44.44533333333334
2026-03-02 09:35:21.000000000,29.308333333333334
2026-03-02 09:45:10.000000000,15.67033333333333
2026-03-02 09:11:40.000000000,88.60966666666668
2026-03-02 09:49:57.000000000,10.811000000000003
2026-03-02 09:48:47.000000000,45.31133333333333
2026-03-02 09:35:11.000000000,15.63166666666667
2026-03-02 09:53:12.000000000,21.695999999999994
2026-03-02 09:15:43.000000000,13.389333333333333
2026-03-02 09:31:10.000000000,39.07966666666667
2026-03-02 10:21:36.000000000,9.719333333333331
2026-03-02 10:35:07.000000000,30.932999999999996
2026-03-02 10:23:00.000000000,30.59333333333333
2026-03-02 10:02:52.000000000,21.56966666666667
2026-03-02 10:56:26.000000000,12.204999999999995
2026-03-02 10:57:13.000000000,7.2613333333333365
2026-03-02 10:05:41.000000000,28.128666666666664
2026-03-02 10:22:19.000000000,21.58866666666667
2026-03-02 10:38:40.000000000,12.057000000000004
2026-03-02 10:24:02.000000000,14.986333333333336
2026-03-02 10:30:14.000000000,50.187999999999995
2026-03-02 10:56:51.000000000,8.994666666666665
2026-03-02 10:24:17.000000000,19.416666666666668
2026-03-02 10:50:04.000000000,15.753333333333334
2026-03-02 10:07:53.000000000,19.652333333333328
2026-03-02 10:47:32.000000000,23.294333333333327
2026-03-02 10:05:01.000000000,24.080000000000002
2026-03-02 10:01:54.000000000,16.095333333333333
2026-03-02 10:23:26.000000000,32.53000000000001
2026-03-02 11:54:10.000000000,102.23033333333336
2026-03-02 11:24:47.000000000,21.410000000000004
2026-03-02 11:51:29.000000000,6.228666666666665
2026-03-02 11:09:59.000000000,30.789666666666665
2026-03-02 11:44:58.000000000,11.714666666666666
2026-03-02 11:39:50.000000000,7.054
2026-03-02 11:35:41.000000000,63.16333333333333
2026-03-02 11:17:14.000000000,14.588666666666665
2026-03-02 11:40:19.000000000,35.25366666666665
2026-03-02 12:17:37.000000000,13.540333333333328
2026-03-02 12:13:09.000000000,10.864000000000004
2026-03-02 12:11:20.000000000,29.901666666666667
2026-03-02 12:37:45.000000000,24.23166666666666
2026-03-02 12:41:54.000000000,30.778666666666677
2026-03-02 12:13:46.000000000,5.736666666666667
2026-03-02 12:51:28.000000000,93.00966666666667
2026-03-02 12:56:55.000000000,26.76433333333333
2026-03-02 12:55:33.000000000,24.110333333333337
2026-03-02 12:19:32.000000000,46.07633333333333
2026-03-02 12:26:57.000000000,15.365333333333329
2026-03-02 12:33:49.000000000,69.96400000000001
2026-03-02 12:05:59.000000000,23.913999999999994
2026-03-02 12:06:05.000000000,22.042666666666666
2026-03-02 13:21:02.000000000,21.919666666666664
2026-03-02 13:22:46.000000000,17.688
2026-03-02 13:45:47.000000000,34.45033333333334
2026-03-02 13:24:08.000000000,71.54100000000001
2026-03-02 13:17:22.000000000,14.070999999999998
2026-03-02 13:08:50.000000000,31.243999999999996
2026-03-02 13:50:46.000000000,23.38266666666666
2026-03-02 13:32:07.000000000,30.377999999999997
2026-03-02 13:20:13.000000000,31.94433333333333
2026-03-02 13:00:25.000000000,63.21399999999999
2026-03-02 13:29:28.000000000,16.456
2026-03-02 13:31:53.000000000,45.55499999999999
2026-03-02 14:02:29.000000000,22.98333333333333
2026-03-02 14:17:48.000000000,15.640666666666668
2026-03-02 14:56:50.000000000,30.91066666666667
2026-03-02 14:12:31.000000000,96.0026666666667
2026-03-02 14:37:08.000000000,9.00333333333333
2026-03-02 14:45:43.000000000,43.769
2026-03-02 14:54:22.000000000,28.347333333333335
2026-03-02 14:51:19.000000000,10.821
2026-03-02 15:38:15.000000000,10.641999999999998
2026-03-02 15:59:12.000000000,13.483333333333333
2026-03-02 15:36:25.000000000,10.902000000000003
2026-03-02 15:09:09.000000000,32.91233333333332
2026-03-02 15:18:19.000000000,12.586333333333332
2026-03-02 15:46:27.000000000,12.52533333333333
2026-03-02 15:24:14.000000000,14.389
2026-03-02 15:40:02.000000000,17.880999999999993
2026-03-02 15:39:17.000000000,14.011666666666663
2026-03-02 15:15:34.000000000,23.535000000000007
2026-03-02 15:12:50.000000000,8.535333333333332
2026-03-02 15:36:36.000000000,32.037000000000006
2026-03-02 15:05:11.000000000,38.108666666666664
2026-03-02 15:35:49.000000000,13.196666666666669
2026-03-02 15:30:36.000000000,9.740999999999998
2026-03-02 15:11:25.000000000,76.07166666666667
2026-03-02 16:05:28.000000000,11.636333333333338
2026-03-02 16:28:29.000000000,53.150000000000006
2026-03-02 16:12:01.000000000,26.384333333333334
2026-03-02 16:51:04.000000000,12.314666666666662
2026-03-02 16:43:34.000000000,37.44366666666668
2026-03-02 16:02:22.000000000,18.349999999999998
2026-03-02 16:44:25.000000000,26.326333333333324
2026-03-02 16:31:08.000000000,30.627333333333347
2026-03-02 16:49:09.000000000,59.99766666666666
2026-03-02 16:20:32.000000000,11.49766666666667
2026-03-02 16:17:59.000000000,14.818666666666667
2026-03-02 16:36:09.000000000,14.451666666666666
2026-03-02 16:39:27.000000000,32.099333333333334
2026-03-02 16:12:00.000000000,14.47033333333333
2026-03-02 16:16:22.000000000,32.26266666666666
2026-03-02 16:45:03.000000000,16.898333333333333
2026-03-02 16:11:37.000000000,14.293666666666663
2026-03-02 16:38:00.000000000,9.868666666666666
2026-03-02 16:16:30.000000000,67.43166666666666
2026-03-02 16:41:03.000000000,10.544666666666666
2026-03-02 17:06:37.000000000,17.495
2026-03-02 17:31:21.000000000,9.559000000000003
2026-03-02 17:25:33.000000000,27.096666666666657
2026-03-02 17:49:50.000000000,14.540999999999997
2026-03-02 17:03:35.000000000,18.610000000000003
2026-03-02 17:04:01.000000000,54.606333333333325
2026-03-02 17:48:16.000000000,13.325333333333333
2026-03-02 17:58:49.000000000,13.078333333333335
2026-03-02 17:15:04.000000000,53.047333333333334
2026-03-02 18:12:45.000000000,9.074666666666669
2026-03-02 18:09:49.000000000,32.952
2026-03-02 18:41:38.000000000,9.745333333333333
2026-03-02 18:29:25.000000000,12.577666666666667
2026-03-02 18:22:52.000000000,10.352333333333332
2026-03-02 18:36:31.000000000,53.026999999999994
2026-03-02 18:47:20.000000000,22.835
2026-03-02 18:40:48.000000000,13.831999999999999
2026-03-02 18:28:17.000000000,7.858999999999999
2026-03-02 18:45:37.000000000,11.636666666666663
2026-03-02 18:48:34.000000000,7.973999999999999
2026-03-02 18:53:59.000000000,19.538999999999998
2026-03-02 18:00:23.000000000,47.06166666666665
2026-03-02 18:32:25.000000000,14.996666666666671
2026-03-02 18:51:47.000000000,19.709999999999997
2026-03-02 18:17:26.000000000,17.786
2026-03-02 19:02:25.000000000,61.088333333333324
2026-03-02 19:19:56.000000000,14.12133333333333
2026-03-02 19:27:18.000000000,108.91366666666667
2026-03-02 19:14:55.000000000,30.683000000000003
2026-03-02 19:09:54.000000000,24.897000000000006
2026-03-02 19:03:50.000000000,32.03166666666666
2026-03-02 19:29:34.000000000,27.78733333333333
2026-03-02 19:05:02.000000000,70.38100000000001
2026-03-02 19:10:58.000000000,56.74666666666667
2026-03-02 19:32:02.000000000,6.554666666666666
2026-03-02 20:48:24.000000000,20.57266666666666
2026-03-02 20:22:47.000000000,11.889000000000005
2026-03-02 20:30:57.000000000,10.40133333333333
2026-03-02 20:04:44.000000000,179.17999999999998
2026-03-02 20:53:52.000000000,38.05933333333333
2026-03-02 20:10:18.000000000,63.23499999999999
2026-03-02 20:09:30.000000000,31.062666666666665
2026-03-02 20:53:34.000000000,13.708333333333334
2026-03-02 20:16:58.000000000,52.72033333333332
2026-03-02 20:33:47.000000000,22.34133333333334
2026-03-02 20:50:09.000000000,17.187333333333335
2026-03-02 20:56:56.000000000,58.66166666666666
2026-03-02 20:11:53.000000000,18.547666666666665
2026-03-02 20:25:04.000000000,17.69366666666667
2026-03-02 20:00:15.000000000,5.897000000000003
2026-03-02 20:55:30.000000000,74.77933333333334
2026-03-02 20:36:38.000000000,10.137333333333334
2026-03-02 20:34:24.000000000,20.62266666666666
2026-03-02 20:51:38.000000000,44.95766666666666
2026-03-02 20:12:21.000000000,66.86133333333333
2026-03-02 21:01:26.000000000,18.427666666666664
2026-03-02 21:12:09.000000000,24.376666666666665
2026-03-02 21:16:21.000000000,23.489
2026-03-02 21:04:49.000000000,17.93866666666667
2026-03-02 21:18:25.000000000,17.38266666666667
2026-03-02 21:31:49.000000000,22.772666666666666
2026-03-02 21:49:54.000000000,8.240333333333332
2026-03-02 21:23:59.000000000,39.68966666666666
2026-03-02 21:25:12.000000000,8.757666666666665
2026-03-02 21:00:21.000000000,10.632666666666665
2026-03-02 21:58:42.000000000,29.417999999999996
2026-03-02 21:14:36.000000000,38.106666666666655
2026-03-02 21:31:37.000000000,16.222000000000005
2026-03-02 22:16:10.000000000,18.309000000000005
2026-03-02 22:26:44.000000000,20.24366666666667
2026-03-02 22:46:14.000000000,39.48966666666666
2026-03-02 22:20:12.000000000,15.813333333333329
2026-03-02 22:03:27.000000000,15.424666666666669
2026-03-02 22:23:30.000000000,34.093
2026-03-02 22:06:47.000000000,8.915
2026-03-02 22:29:32.000000000,10.024999999999999
2026-03-02 22:33:18.000000000,14.206000000000001
2026-03-02 22:31:51.000000000,20.874999999999993
2026-03-02 22:12:55.000000000,8.901999999999997
2026-03-02 22:52:55.000000000,19.72533333333333
2026-03-02 22:03:55.000000000,39.69733333333331
2026-03-02 22:54:20.000000000,15.08633333333333
2026-03-02 22:22:06.000000000,213.795
2026-03-02 22:55:35.000000000,37.19866666666666
2026-03-02 22:15:17.000000000,31.871000000000002
2026-03-02 23:51:43.000000000,10.980333333333336
2026-03-02 23:16:00.000000000,75.94466666666668
2026-03-02 23:56:38.000000000,15.924666666666665
2026-03-02 23:17:36.000000000,15.347333333333337
2026-03-02 23:06:27.000000000,15.726999999999997
2026-03-02 23:35:15.000000000,23.736666666666668
2026-03-02 23:02:10.000000000,17.951000000000004
2026-03-02 23:28:16.000000000,20.374000000000002
2026-03-03 00:06:12.000000000,18.004666666666665
2026-03-03 00:51:32.000000000,14.546666666666669
2026-03-03 00:52:21.000000000,27.285000000000004
2026-03-03 00:31:45.000000000,8.455999999999998
2026-03-03 00:01:31.000000000,14.516666666666664
2026-03-03 00:29:37.000000000,5.000666666666667
2026-03-03 01:45:29.000000000,29.21166666666667
2026-03-03 01:02:35.000000000,16.773333333333326
2026-03-03 01:29:47.000000000,31.463000000000015
2026-03-03 01:47:37.000000000,17.261666666666663
2026-03-03 01:35:12.000000000,31.761000000000006
2026-03-03 01:27:57.000000000,14.443666666666667
2026-03-03 02:08:50.000000000,24.279999999999998
2026-03-03 02:33:35.000000000,52.77733333333335
2026-03-03 03:22:55.000000000,32.42799999999999
2026-03-03 03:00:12.000000000,29.499000000000006
2026-03-03 04:49:51.000000000,10.74033333333333
2026-03-03 04:20:27.000000000,70.62033333333333
2026-03-03 04:02:11.000000000,37.45899999999999
2026-03-03 05:28:17.000000000,40.14066666666667
2026-03-03 05:18:36.000000000,14.614666666666668
2026-03-03 05:21:56.000000000,25.781
2026-03-03 06:44:56.000000000,14.702666666666667
2026-03-03 06:26:42.000000000,9.430666666666665
2026-03-03 06:51:48.000000000,8.539333333333333
2026-03-03 06:27:41.000000000,18.747
2026-03-03 06:09:35.000000000,45.17533333333335
2026-03-03 06:39:03.000000000,18.415666666666667
2026-03-03 06:07:34.000000000,94.93266666666668
2026-03-03 06:13:48.000000000,26.86333333333333
2026-03-03 06:27:27.000000000,106.47099999999999
2026-03-03 06:44:35.000000000,8.966666666666665
2026-03-03 07:37:26.000000000,23.087
2026-03-03 07:06:49.000000000,13.753666666666662
2026-03-03 07:26:17.000000000,14.264666666666667
2026-03-03 07:40:50.000000000,24.42133333333334
2026-03-03 07:06:50.000000000,36.81433333333333
2026-03-03 07:12:19.000000000,10.738666666666665
2026-03-03 07:54:48.000000000,18.658333333333328
2026-03-03 07:36:20.000000000,46.42499999999999
2026-03-03 07:54:01.000000000,17.744666666666667
2026-03-03 07:35:10.000000000,8.595333333333334
2026-03-03 07:10:17.000000000,16.73833333333333
2026-03-03 07:53:56.000000000,69.98633333333333
2026-03-03 07:35:18.000000000,11.845666666666666
2026-03-03 07:34:57.000000000,28.100333333333328
2026-03-03 07:11:47.000000000,40.71900000000001
2026-03-03 07:08:40.000000000,23.208000000000002
2026-03-03 07:46:26.000000000,12.355666666666666
2026-03-03 07:03:52.000000000,23.488333333333337
2026-03-03 07:24:44.000000000,45.53499999999999
2026-03-03 07:46:14.000000000,29.53233333333333
2026-03-03 07:38:30.000000000,11.056333333333333
2026-03-03 08:36:10.000000000,16.325000000000003
2026-03-03 08:33:55.000000000,25.096000000000004
2026-03-03 08:32:31.000000000,7.734333333333334
2026-03-03 08:57:02.000000000,18.966333333333335
2026-03-03 08:40:14.000000000,5.679666666666666
2026-03-03 08:40:15.000000000,34.428999999999995
2026-03-03 08:59:11.000000000,39.92433333333333
2026-03-03 08:37:57.000000000,38.35333333333334
2026-03-03 08:23:00.000000000,34.852
2026-03-03 08:09:51.000000000,20.492666666666665
2026-03-03 08:20:38.000000000,23.02299999999999
2026-03-03 08:17:34.000000000,23.211333333333332
2026-03-03 08:50:32.000000000,12.711333333333334
2026-03-03 08:34:21.000000000,8.914666666666665
2026-03-03 08:41:25.000000000,16.317
2026-03-03 08:20:41.000000000,12.510333333333332
2026-03-03 09:43:08.000000000,13.020333333333335
2026-03-03 09:49:38.000000000,10.559999999999999
2026-03-03 09:41:27.000000000,30.119333333333334
2026-03-03 09:51:50.000000000,17.949999999999996
2026-03-03 09:16:55.000000000,32.902666666666676
2026-03-03 09:07:34.000000000,23.661333333333335
2026-03-03 09:23:32.000000000,9.406
2026-03-03 09:52:27.000000000,30.752666666666663
2026-03-03 09:56:06.000000000,12.985000000000001
2026-03-03 09:54:43.000000000,20.99033333333334
2026-03-03 09:18:29.000000000,16.152333333333335
2026-03-03 09:39:35.000000000,10.877666666666672
2026-03-03 09:58:26.000000000,10.523
2026-03-03 09:23:01.000000000,20.922333333333334
2026-03-03 09:49:57.000000000,6.457
2026-03-03 09:12:29.000000000,15.765333333333336
2026-03-03 09:25:50.000000000,17.876
2026-03-03 09:48:08.000000000,36.39433333333333
2026-03-03 09:40:58.000000000,17.62566666666667
2026-03-03 09:39:33.000000000,17.387666666666668
2026-03-03 10:36:20.000000000,13.188666666666666
2026-03-03 10:29:41.000000000,11.178333333333333
2026-03-03 10:49:19.000000000,30.588333333333342
2026-03-03 10:06:59.000000000,8.080333333333334
2026-03-03 10:30:42.000000000,28.427999999999997
2026-03-03 10:33:21.000000000,10.730333333333338
2026-03-03 10:26:54.000000000,7.189000000000001
2026-03-03 10:24:33.000000000,34.481
2026-03-03 10:20:00.000000000,17.825999999999997
2026-03-03 10:19:08.000000000,10.764999999999999
2026-03-03 10:48:42.000000000,15.839333333333334
2026-03-03 10:13:07.000000000,32.645999999999994
2026-03-03 10:59:49.000000000,12.241666666666669
2026-03-03 10:35:15.000000000,25.820999999999994
2026-03-03 10:41:36.000000000,12.204000000000002
2026-03-03 10:36:00.000000000,26.572333333333336
2026-03-03 10:49:30.000000000,11.827
2026-03-03 11:22:08.000000000,36.370999999999995
2026-03-03 11:24:19.000000000,41.78999999999999
2026-03-03 11:44:36.000000000,21.350666666666665
2026-03-03 11:49:09.000000000,22.134
2026-03-03 11:31:32.000000000,18.055333333333333
2026-03-03 11:53:08.000000000,33.55966666666667
2026-03-03 11:26:18.000000000,18.25833333333333
2026-03-03 11:03:37.000000000,54.347333333333346
2026-03-03 12:15:51.000000000,8.532333333333332
2026-03-03 12:23:01.000000000,7.917333333333333
2026-03-03 12:54:20.000000000,20.855999999999998
2026-03-03 12:20:13.000000000,38.297666666666665
2026-03-03 12:17:26.000000000,7.806000000000003
2026-03-03 12:32:51.000000000,174.58466666666666
2026-03-03 12:43:07.000000000,20.884000000000004
2026-03-03 12:58:01.000000000,30.79433333333333
2026-03-03 12:52:10.000000000,21.20133333333333
2026-03-03 12:40:20.000000000,13.386666666666665
2026-03-03 12:00:56.000000000,16.18333333333333
2026-03-03 12:39:39.000000000,8.671
2026-03-03 12:36:47.000000000,15.923666666666666
2026-03-03 13:53:49.000000000,44.75266666666666
2026-03-03 13:24:19.000000000,10.178333333333336
2026-03-03 13:32:44.000000000,71.14433333333334
2026-03-03 13:50:55.000000000,8.462666666666667
2026-03-03 13:27:42.000000000,16.251333333333335
2026-03-03 13:01:38.000000000,28.801333333333336
2026-03-03 13:18:54.000000000,7.185333333333333
2026-03-03 13:33:50.000000000,45.68266666666667
2026-03-03 13:34:11.000000000,16.013666666666662
2026-03-03 13:37:22.000000000,55.318999999999996
2026-03-03 13:27:38.000000000,9.523000000000001
2026-03-03 13:50:55.000000000,37.13666666666666
2026-03-03 13:10:08.000000000,19.738666666666667
2026-03-03 13:35:01.000000000,23.56233333333334
2026-03-03 13:04:31.000000000,28.69466666666666
2026-03-03 13:12:55.000000000,12.472333333333333
2026-03-03 13:43:02.000000000,17.531666666666663
2026-03-03 13:23:46.000000000,6.729666666666668
2026-03-03 14:33:35.000000000,20.476333333333336
2026-03-03 14:53:18.000000000,11.295333333333334
2026-03-03 14:34:55.000000000,8.427000000000001
2026-03-03 14:31:03.000000000,47.46166666666667
2026-03-03 14:07:42.000000000,31.17066666666667
2026-03-03 14:00:50.000000000,73.685
2026-03-03 14:00:16.000000000,8.827666666666666
2026-03-03 14:16:05.000000000,23.522000000000002
2026-03-03 14:01:40.000000000,8.356
2026-03-03 14:48:20.000000000,98.89033333333333
2026-03-03 14:03:50.000000000,16.227333333333334
2026-03-03 14:49:23.000000000,25.87333333333333
2026-03-03 14:17:02.000000000,13.348000000000003
2026-03-03 14:00:18.000000000,9.528333333333332
2026-03-03 14:53:06.000000000,27.836666666666677
2026-03-03 14:54:20.000000000,23.569666666666663
2026-03-03 14:36:28.000000000,6.713333333333334
2026-03-03 14:45:25.000000000,11.630333333333333
2026-03-03 14:05:12.000000000,14.302333333333335
2026-03-03 15:50:40.000000000,10.482333333333333
2026-03-03 15:36:22.000000000,7.476999999999999
2026-03-03 15:57:38.000000000,9.599666666666666
2026-03-03 15:11:57.000000000,39.831999999999994
2026-03-03 15:32:32.000000000,13.04333333333333
2026-03-03 15:37:35.000000000,14.270666666666667
2026-03-03 15:17:11.000000000,7.5809999999999995
2026-03-03 15:42:49.000000000,24.09566666666667
2026-03-03 15:52:05.000000000,7.438666666666665
2026-03-03 15:21:42.000000000,71.53266666666669
2026-03-03 15:14:02.000000000,57.55133333333334
2026-03-03 15:08:43.000000000,16.401999999999997
2026-03-03 15:25:43.000000000,11.485333333333333
2026-03-03 15:53:06.000000000,19.301333333333332
2026-03-03 16:00:19.000000000,17.425
2026-03-03 16:23:03.000000000,14.573000000000002
2026-03-03 16:25:04.000000000,19.745333333333335
2026-03-03 16:30:43.000000000,6.576333333333334
2026-03-03 16:36:28.000000000,51.60933333333334
2026-03-03 16:09:29.000000000,39.05633333333334
2026-03-03 16:41:26.000000000,32.522000000000006
2026-03-03 16:43:16.000000000,8.578
2026-03-03 16:10:50.000000000,77.57166666666667
2026-03-03 16:28:07.000000000,8.297
2026-03-03 16:40:51.000000000,35.010999999999996
2026-03-03 16:25:18.000000000,21.979
2026-03-03 16:25:36.000000000,21.686
2026-03-03 16:22:16.000000000,16.711666666666666
2026-03-03 17:57:18.000000000,13.829000000000002
2026-03-03 17:57:01.000000000,50.533333333333324
2026-03-03 17:41:49.000000000,39.414666666666676
2026-03-03 17:03:31.000000000,30.264000000000006
2026-03-03 17:21:38.000000000,36.527333333333324
2026-03-03 17:16:48.000000000,21.062
2026-03-03 17:27:21.000000000,11.50766666666667
2026-03-03 17:05:11.000000000,18.81766666666667
2026-03-03 17:40:55.000000000,24.617333333333328
2026-03-03 17:31:44.000000000,52.36933333333333
2026-03-03 17:55:15.000000000,21.732666666666667
2026-03-03 17:47:20.000000000,17.018000000000004
2026-03-03 17:41:48.000000000,23.104666666666663
2026-03-03 17:37:00.000000000,10.684333333333333
2026-03-03 17:38:55.000000000,72.80499999999999
2026-03-03 18:40:09.000000000,35.38100000000001
2026-03-03 18:16:24.000000000,36.81633333333335
2026-03-03 18:15:07.000000000,21.319000000000003
2026-03-03 18:03:21.000000000,20.05366666666667
2026-03-03 18:43:50.000000000,18.71066666666666
2026-03-03 18:13:18.000000000,6.236666666666666
2026-03-03 18:08:11.000000000,10.42166666666667
2026-03-03 18:55:38.000000000,47.763333333333335
2026-03-03 18:13:02.000000000,10.561666666666667
2026-03-03 18:23:08.000000000,66.48366666666666
2026-03-03 18:29:10.000000000,9.347000000000001
2026-03-03 18:08:45.000000000,24.708666666666662
2026-03-03 18:19:57.000000000,12.72033333333333
2026-03-03 18:08:08.000000000,26.274
2026-03-03 18:37:16.000000000,73.15966666666665
2026-03-03 18:10:58.000000000,16.640333333333338
2026-03-03 18:01:42.000000000,30.467999999999993
2026-03-03 18:14:05.000000000,15.033666666666669
2026-03-03 18:53:42.000000000,9.490333333333332
2026-03-03 19:04:16.000000000,6.886666666666666
2026-03-03 19:54:44.000000000,14.972999999999997
2026-03-03 19:53:24.000000000,25.772333333333336
2026-03-03 19:10:35.000000000,8.59533333333333
2026-03-03 19:40:41.000000000,81.82266666666666
2026-03-03 19:49:26.000000000,41.00799999999999
2026-03-03 19:36:29.000000000,36.23799999999999
2026-03-03 19:16:04.000000000,45.51033333333335
2026-03-03 19:33:06.000000000,14.390333333333333
2026-03-03 19:23:00.000000000,18.416666666666664
2026-03-03 19:53:24.000000000,6.212999999999998
2026-03-03 19:27:16.000000000,6.670666666666665
2026-03-03 19:42:40.000000000,43.60266666666667
2026-03-03 19:40:44.000000000,34.64966666666667
2026-03-03 19:47:49.000000000,34.88866666666666
2026-03-03 19:39:59.000000000,20.299999999999997
2026-03-03 19:44:51.000000000,10.66966666666667
2026-03-03 19:19:12.000000000,14.935666666666668
2026-03-03 19:52:54.000000000,8.949666666666667
2026-03-03 20:40:03.000000000,89.926
2026-03-03 20:28:03.000000000,22.54766666666666
2026-03-03 20:01:38.000000000,38.168000000000006
2026-03-03 20:11:43.000000000,19.339666666666666
2026-03-03 20:27:27.000000000,17.7
2026-03-03 20:03:02.000000000,20.10233333333333
2026-03-03 20:16:01.000000000,10.308
2026-03-03 20:13:49.000000000,27.839333333333336
2026-03-03 20:30:23.000000000,14.478000000000002
2026-03-03 20:49:15.000000000,55.01733333333335
2026-03-03 20:13:39.000000000,18.408999999999995
2026-03-03 20:08:05.000000000,11.778666666666663
2026-03-03 20:13:54.000000000,17.432000000000002
2026-03-03 20:03:15.000000000,7.919666666666668
2026-03-03 20:32:00.000000000,34.153999999999996
2026-03-03 20:36:42.000000000,24.741666666666664
2026-03-03 20:17:19.000000000,68.981
2026-03-03 20:23:51.000000000,10.834333333333332
2026-03-03 21:40:29.000000000,29.305000000000003
2026-03-03 21:25:37.000000000,6.572333333333335
2026-03-03 21:45:55.000000000,8.23
2026-03-03 21:13:00.000000000,28.52633333333334
2026-03-03 21:52:40.000000000,76.80999999999999
2026-03-03 21:36:15.000000000,7.955000000000002
2026-03-03 21:53:11.000000000,18.449666666666662
2026-03-03 21:03:42.000000000,21.697999999999993
2026-03-03 21:23:54.000000000,12.69266666666667
2026-03-03 21:47:37.000000000,13.673333333333336
2026-03-03 21:21:13.000000000,30.961
2026-03-03 22:08:04.000000000,17.682333333333336
2026-03-03 22:22:18.000000000,23.037666666666667
2026-03-03 22:33:52.000000000,8.193000000000001
2026-03-03 22:11:53.000000000,43.22733333333334
2026-03-03 22:28:13.000000000,17.723666666666666
2026-03-03 22:59:29.000000000,26.851000000000003
2026-03-03 22:38:18.000000000,19.06233333333334
2026-03-03 22:09:16.000000000,20.094999999999995
2026-03-03 22:16:49.000000000,60.686
2026-03-03 22:28:10.000000000,5.821333333333334
2026-03-03 22:55:01.000000000,6.400666666666666
2026-03-03 22:56:41.000000000,12.401999999999997
2026-03-03 22:13:03.000000000,10.108666666666666
2026-03-03 23:52:35.000000000,47.161666666666676
2026-03-03 23:57:28.000000000,26.778333333333343
2026-03-03 23:34:09.000000000,31.10833333333333
2026-03-03 23:24:45.000000000,42.83733333333334
2026-03-03 23:14:02.000000000,16.908666666666665
2026-03-03 23:33:31.000000000,29.739333333333324
2026-03-03 23:52:11.000000000,41.07033333333334
2026-03-03 23:21:10.000000000,25.833333333333336
2026-03-03 23:58:05.000000000,20.514333333333337
2026-03-03 23:34:01.000000000,11.343666666666666
2026-03-03 23:22:52.000000000,22.537999999999997
2026-03-03 23:27:19.000000000,34.812
2026-03-03 23:16:49.000000000,27.404333333333334
2026-03-03 23:41:38.000000000,37.033
2026-03-03 23:33:54.000000000,17.866333333333333
2026-03-04 00:27:54.000000000,20.488666666666663
2026-03-04 00:35:12.000000000,9.826333333333334
2026-03-04 00:38:57.000000000,28.591333333333328
2026-03-04 00:01:14.000000000,6.597333333333335
2026-03-04 00:06:18.000000000,13.457666666666665
2026-03-04 00:04:22.000000000,20.456000000000007
2026-03-04 00:23:10.000000000,23.69766666666667
2026-03-04 01:51:46.000000000,9.846666666666668
2026-03-04 01:19:06.000000000,12.881333333333332
2026-03-04 01:20:27.000000000,15.675333333333333
2026-03-04 01:37:41.000000000,16.128
2026-03-04 01:21:41.000000000,11.591333333333331
2026-03-04 02:39:17.000000000,18.28833333333333
2026-03-04 03:07:38.000000000,10.803333333333336
2026-03-04 03:44:27.000000000,21.105
2026-03-04 04:23:40.000000000,72.03299999999999
2026-03-04 04:29:22.000000000,12.534333333333336
2026-03-04 04:11:30.000000000,40.545333333333325
2026-03-04 05:12:45.000000000,15.967000000000002
2026-03-04 05:01:12.000000000,42.49133333333332
2026-03-04 05:55:00.000000000,102.47066666666666
2026-03-04 05:42:03.000000000,16.81866666666667
2026-03-04 05:57:46.000000000,16.279333333333334
2026-03-04 05:30:31.000000000,15.153666666666663
2026-03-04 05:14:22.000000000,14.284333333333333
2026-03-04 06:26:04.000000000,17.014666666666667
2026-03-04 06:04:54.000000000,15.948333333333332
2026-03-04 06:50:11.000000000,13.026000000000002
2026-03-04 06:09:44.000000000,80.119
2026-03-04 06:32:17.000000000,7.228999999999998
2026-03-04 06:06:55.000000000,40.04766666666667
2026-03-04 06:20:41.000000000,16.038666666666668
2026-03-04 06:28:27.000000000,5.4430000000000005
2026-03-04 06:45:24.000000000,15.012666666666668
2026-03-04 06:37:17.000000000,16.05433333333333
2026-03-04 07:18:09.000000000,10.220333333333334
2026-03-04 07:51:49.000000000,39.74966666666666
2026-03-04 07:56:22.000000000,13.563999999999995
2026-03-04 07:49:22.000000000,18.94033333333333
2026-03-04 07:48:03.000000000,34.133
2026-03-04 07:18:40.000000000,11.571000000000002
2026-03-04 07:10:21.000000000,16.963000000000005
2026-03-04 07:06:20.000000000,59.51066666666666
2026-03-04 07:18:27.000000000,50.98166666666667
2026-03-04 07:35:27.000000000,40.269999999999996
2026-03-04 07:56:51.000000000,33.099000000000004
2026-03-04 07:21:51.000000000,16.714333333333332
2026-03-04 07:17:26.000000000,20.52466666666667
2026-03-04 07:15:47.000000000,8.193666666666665
2026-03-04 07:43:13.000000000,41.394666666666666
2026-03-04 07:42:52.000000000,22.41700000000001
2026-03-04 07:51:27.000000000,62.71966666666666
2026-03-04 07:25:45.000000000,87.09233333333333
2026-03-04 07:25:41.000000000,7.655000000000001
2026-03-04 07:45:11.000000000,29.744333333333334
2026-03-04 08:26:02.000000000,35.51166666666666
2026-03-04 08:30:27.000000000,32.678
2026-03-04 08:15:11.000000000,31.993666666666666
2026-03-04 08:06:46.000000000,9.777000000000003
2026-03-04 08:12:32.000000000,81.91233333333334
2026-03-04 08:33:50.000000000,15.909666666666668
2026-03-04 08:40:31.000000000,8.30133333333333
2026-03-04 08:30:22.000000000,30.430000000000003
2026-03-04 08:15:00.000000000,37.52366666666667
2026-03-04 08:05:48.000000000,13.707666666666666
2026-03-04 08:14:19.000000000,43.37233333333333
2026-03-04 08:51:55.000000000,24.425666666666668
2026-03-04 08:46:54.000000000,29.669666666666668
2026-03-04 08:00:07.000000000,50.72266666666667
2026-03-04 08:50:50.000000000,10.571000000000002
2026-03-04 08:25:04.000000000,90.60166666666666
2026-03-04 08:58:03.000000000,78.86066666666666
2026-03-04 08:36:01.000000000,7.588333333333334
2026-03-04 08:17:31.000000000,8.62
2026-03-04 09:01:58.000000000,16.075333333333333
2026-03-04 09:13:55.000000000,23.837000000000003
2026-03-04 09:38:42.000000000,15.833000000000004
2026-03-04 09:40:10.000000000,72.69566666666667
2026-03-04 09:27:00.000000000,28.866000000000003
2026-03-04 09:30:49.000000000,19.787000000000003
2026-03-04 09:32:14.000000000,11.816333333333334
2026-03-04 09:49:36.000000000,12.488666666666665
2026-03-04 09:11:47.000000000,80.797
2026-03-04 09:49:30.000000000,14.495
2026-03-04 09:56:14.000000000,13.046333333333333
2026-03-04 09:09:17.000000000,12.09366666666667
2026-03-04 09:58:17.000000000,23.601000000000003
2026-03-04 10:02:26.000000000,8.070999999999998
2026-03-04 10:17:25.000000000,9.391333333333336
2026-03-04 10:19:01.000000000,14.949666666666667
2026-03-04 10:16:37.000000000,10.664666666666667
2026-03-04 10:58:27.000000000,10.343666666666662
2026-03-04 10:25:56.000000000,30.915333333333333
2026-03-04 10:39:20.000000000,6.406333333333334
2026-03-04 10:16:13.000000000,13.359000000000004
2026-03-04 10:00:59.000000000,128.65666666666667
2026-03-04 10:36:49.000000000,25.532999999999998
2026-03-04 10:12:36.000000000,50.45333333333333
2026-03-04 10:51:22.000000000,32.20466666666667
2026-03-04 10:02:32.000000000,10.451333333333332
2026-03-04 10:37:25.000000000,32.38000000000001
2026-03-04 11:17:08.000000000,17.378666666666668
2026-03-04 11:08:49.000000000,33.117
2026-03-04 11:57:33.000000000,20.69333333333333
2026-03-04 11:19:52.000000000,15.566666666666668
2026-03-04 11:59:20.000000000,10.939999999999994
2026-03-04 11:16:41.000000000,69.38966666666667
2026-03-04 11:59:12.000000000,22.05833333333333
2026-03-04 11:25:49.000000000,50.266333333333336
2026-03-04 11:03:00.000000000,51.21166666666665
2026-03-04 11:47:42.000000000,25.701999999999998
2026-03-04 11:48:49.000000000,9.269666666666668
2026-03-04 11:38:56.000000000,99.45433333333335
2026-03-04 12:16:51.000000000,24.15633333333334
2026-03-04 12:43:26.000000000,17.294666666666664
2026-03-04 12:15:55.000000000,52.331999999999994
2026-03-04 12:35:13.000000000,30.95266666666667
2026-03-04 12:04:41.000000000,15.888666666666666
2026-03-04 12:16:51.000000000,15.196666666666664
2026-03-04 12:57:10.000000000,43.14400000000001
2026-03-04 12:14:21.000000000,8.193000000000003
2026-03-04 12:20:33.000000000,13.173999999999996
2026-03-04 12:02:19.000000000,44.52133333333334
2026-03-04 12:41:40.000000000,19.020333333333333
2026-03-04 12:09:44.000000000,7.4816666666666665
2026-03-04 13:30:34.000000000,101.13366666666668
2026-03-04 13:52:17.000000000,24.793999999999997
2026-03-04 13:48:55.000000000,20.848333333333326
2026-03-04 13:47:53.000000000,10.169
2026-03-04 13:50:18.000000000,32.157666666666664
2026-03-04 13:15:19.000000000,62.596999999999994
2026-03-04 13:12:34.000000000,38.20966666666666
2026-03-04 13:43:25.000000000,30.103666666666662
2026-03-04 13:42:41.000000000,23.438666666666663
2026-03-04 13:54:48.000000000,26.891000000000002
2026-03-04 13:28:08.000000000,27.468999999999998
2026-03-04 13:20:42.000000000,28.122999999999998
2026-03-04 14:00:03.000000000,15.239333333333331
2026-03-04 14:38:35.000000000,166.68266666666662
2026-03-04 14:48:55.000000000,31.53233333333333
2026-03-04 14:14:10.000000000,14.199000000000002
2026-03-04 14:51:09.000000000,13.124666666666666
2026-03-04 14:06:27.000000000,23.48700000000001
2026-03-04 14:07:50.000000000,21.372
2026-03-04 14:13:25.000000000,14.142999999999995
2026-03-04 14:22:12.000000000,20.21999999999999
2026-03-04 14:40:01.000000000,23.520333333333326
2026-03-04 14:45:15.000000000,19.034999999999993
2026-03-04 14:02:24.000000000,21.829666666666665
2026-03-04 14:30:46.000000000,41.31666666666667
2026-03-04 14:45:41.000000000,7.729999999999999
2026-03-04 14:23:48.000000000,44.333000000000006
2026-03-04 14:25:07.000000000,43.52733333333334
2026-03-04 14:51:52.000000000,16.785666666666668
2026-03-04 14:39:04.000000000,17.805000000000003
2026-03-04 14:57:27.000000000,11.25433333333333
2026-03-04 14:25:58.000000000,35.33633333333333
2026-03-04 14:05:49.000000000,45.446333333333335
2026-03-04 14:52:32.000000000,24.423666666666666
2026-03-04 15:56:32.000000000,40.50333333333332
2026-03-04 15:06:57.000000000,104.70666666666668
2026-03-04 15:01:59.000000000,47.581333333333326
2026-03-04 15:31:18.000000000,9.28466666666667
2026-03-04 15:30:50.000000000,14.667666666666664
2026-03-04 15:31:32.000000000,20.676333333333336
2026-03-04 15:41:28.000000000,15.837666666666669
2026-03-04 15:06:20.000000000,7.749666666666666
2026-03-04 15:12:17.000000000,59.16400000000001
2026-03-04 15:54:34.000000000,9.968333333333332
2026-03-04 15:36:52.000000000,24.796666666666674
2026-03-04 15:09:11.000000000,18.533333333333324
2026-03-04 15:31:26.000000000,7.946666666666667
2026-03-04 15:13:02.000000000,18.807
2026-03-04 16:39:27.000000000,20.51933333333334
2026-03-04 16:33:02.000000000,5.641000000000002
2026-03-04 16:18:17.000000000,17.672000000000004
2026-03-04 16:45:09.000000000,32.30933333333332
2026-03-04 16:46:30.000000000,15.376333333333331
2026-03-04 16:50:38.000000000,7.802000000000002
2026-03-04 16:49:05.000000000,26.544666666666675
2026-03-04 16:41:07.000000000,19.595666666666663
2026-03-04 16:43:12.000000000,38.314
2026-03-04 16:57:01.000000000,6.254666666666666
2026-03-04 16:38:41.000000000,17.799
2026-03-04 16:51:04.000000000,79.88766666666666
2026-03-04 16:59:12.000000000,13.248333333333333
2026-03-04 16:32:26.000000000,23.765666666666668
2026-03-04 16:56:06.000000000,22.658666666666665
2026-03-04 16:24:18.000000000,17.708999999999996
2026-03-04 16:43:23.000000000,42.23533333333333
2026-03-04 16:51:01.000000000,30.685999999999996
2026-03-04 16:56:26.000000000,72.50433333333332
2026-03-04 16:31:53.000000000,14.079000000000008
2026-03-04 16:25:08.000000000,7.149333333333334
2026-03-04 16:07:37.000000000,86.86933333333332
2026-03-04 16:46:32.000000000,10.734333333333332
2026-03-04 16:25:37.000000000,53.861
2026-03-04 17:07:05.000000000,14.395666666666664
2026-03-04 17:33:36.000000000,8.507333333333333
2026-03-04 17:46:24.000000000,8.992666666666667
2026-03-04 17:47:25.000000000,20.372333333333337
2026-03-04 17:06:00.000000000,35.291000000000004
2026-03-04 17:41:47.000000000,10.705333333333334
2026-03-04 17:38:13.000000000,12.382333333333333
2026-03-04 17:19:19.000000000,49.417333333333346
2026-03-04 17:13:04.000000000,104.91533333333335
2026-03-04 17:26:27.000000000,9.628666666666668
2026-03-04 17:53:59.000000000,13.767666666666665
2026-03-04 17:09:15.000000000,10.596
2026-03-04 17:08:06.000000000,9.902666666666669
2026-03-04 17:00:47.000000000,26.78166666666666
2026-03-04 17:22:26.000000000,11.53
2026-03-04 17:22:10.000000000,33.02066666666666
2026-03-04 17:28:43.000000000,111.69866666666667
2026-03-04 17:10:57.000000000,11.483666666666663
2026-03-04 17:48:29.000000000,33.24733333333333
2026-03-04 18:26:04.000000000,11.398666666666665
2026-03-04 18:40:34.000000000,16.80033333333333
2026-03-04 18:32:24.000000000,12.75233333333333
2026-03-04 18:11:00.000000000,18.36733333333333
2026-03-04 18:49:25.000000000,81.05566666666667
2026-03-04 18:10:43.000000000,13.745666666666667
2026-03-04 18:43:14.000000000,28.696000000000005
2026-03-04 18:30:04.000000000,20.810666666666673
2026-03-04 18:18:47.000000000,148.4606666666667
2026-03-04 18:40:51.000000000,30.341666666666665
2026-03-04 18:48:45.000000000,8.390999999999998
2026-03-04 18:36:51.000000000,16.721333333333334
2026-03-04 18:42:25.000000000,21.866333333333333
2026-03-04 18:46:39.000000000,31.14466666666667
2026-03-04 18:06:16.000000000,9.041666666666666
2026-03-04 18:07:27.000000000,13.613333333333335
2026-03-04 18:32:20.000000000,10.411000000000003
2026-03-04 18:58:13.000000000,24.752666666666666
2026-03-04 18:52:40.000000000,25.86133333333333
2026-03-04 18:55:30.000000000,15.784999999999997
2026-03-04 18:03:37.000000000,10.267000000000001
2026-03-04 18:47:15.000000000,8.901333333333334
2026-03-04 18:39:31.000000000,27.480333333333324
2026-03-04 18:21:09.000000000,34.053666666666665
2026-03-04 18:25:44.000000000,30.468666666666667
2026-03-04 18:32:50.000000000,50.173333333333325
2026-03-04 18:23:01.000000000,76.06433333333331
2026-03-04 18:30:04.000000000,58.32199999999999
2026-03-04 19:55:50.000000000,10.437333333333333
2026-03-04 19:06:01.000000000,10.020999999999997
2026-03-04 19:23:52.000000000,17.745333333333335
2026-03-04 19:02:40.000000000,16.643666666666665
2026-03-04 19:16:52.000000000,30.10966666666667
2026-03-04 19:50:56.000000000,35.243333333333325
2026-03-04 19:59:15.000000000,15.051666666666668
2026-03-04 19:11:07.000000000,13.114333333333331
2026-03-04 19:29:37.000000000,23.472666666666665
2026-03-04 19:32:01.000000000,37.26133333333333
2026-03-04 19:39:56.000000000,40.90966666666666
2026-03-04 19:59:25.000000000,13.453333333333331
2026-03-04 19:16:50.000000000,43.16033333333334
2026-03-04 19:30:26.000000000,28.962666666666664
2026-03-04 19:08:00.000000000,33.96966666666666
2026-03-04 19:08:20.000000000,90.60833333333333
2026-03-04 19:49:59.000000000,7.824333333333334
2026-03-04 19:56:12.000000000,48.20099999999999
2026-03-04 19:13:01.000000000,24.778333333333343
2026-03-04 19:38:47.000000000,31.104333333333336
2026-03-04 19:48:38.000000000,132.9156666666667
2026-03-04 20:09:48.000000000,72.453
2026-03-04 20:32:34.000000000,13.269333333333332
2026-03-04 20:13:40.000000000,12.281333333333338
2026-03-04 20:45:25.000000000,27.064
2026-03-04 20:16:06.000000000,51.27633333333334
2026-03-04 20:42:33.000000000,42.637000000000015
2026-03-04 20:39:11.000000000,14.112666666666668
2026-03-04 20:27:38.000000000,8.345666666666665
2026-03-04 20:00:50.000000000,15.044333333333334
2026-03-04 20:39:06.000000000,7.743333333333335
2026-03-04 20:01:38.000000000,22.258666666666663
2026-03-04 20:04:14.000000000,32.77333333333333
2026-03-04 20:48:10.000000000,94.49233333333335
2026-03-04 20:12:01.000000000,10.263333333333337
2026-03-04 20:20:35.000000000,43.06766666666667
2026-03-04 20:42:09.000000000,24.936999999999998
2026-03-04 21:06:54.000000000,14.388666666666666
2026-03-04 21:51:45.000000000,104.56799999999998
2026-03-04 21:31:21.000000000,41.43966666666667
2026-03-04 21:02:57.000000000,17.783333333333328
2026-03-04 21:13:24.000000000,7.378333333333333
2026-03-04 21:39:23.000000000,6.973000000000001
2026-03-04 21:08:29.000000000,50.661333333333324
2026-03-04 21:38:23.000000000,34.92699999999999
2026-03-04 21:32:46.000000000,22.479333333333333
2026-03-04 21:09:46.000000000,20.665666666666667
2026-03-04 21:18:43.000000000,33.20666666666667
2026-03-04 21:14:31.000000000,8.739
2026-03-04 21:00:23.000000000,67.72166666666665
2026-03-04 21:17:44.000000000,9.009666666666664
2026-03-04 21:55:46.000000000,17.884999999999998
2026-03-04 22:34:44.000000000,19.54366666666667
2026-03-04 22:42:11.000000000,9.769666666666668
2026-03-04 22:43:16.000000000,13.429666666666668
2026-03-04 22:16:10.000000000,10.220666666666668
2026-03-04 22:22:55.000000000,17.176000000000002
2026-03-04 22:59:14.000000000,18.125666666666667
2026-03-04 22:10:10.000000000,38.16566666666666
2026-03-04 22:07:24.000000000,208.3383333333333
2026-03-04 23:01:31.000000000,20.008666666666663
2026-03-04 23:42:33.000000000,30.470000000000006
2026-03-04 23:04:09.000000000,35.00033333333334
2026-03-04 23:44:00.000000000,7.979333333333334
2026-03-04 23:03:03.000000000,107.63766666666662
2026-03-04 23:30:40.000000000,20.713
2026-03-04 23:11:26.000000000,7.66
2026-03-04 23:13:17.000000000,37.40733333333332
2026-03-04 23:48:48.000000000,40.83833333333334
2026-03-05 00:45:12.000000000,8.026
2026-03-05 00:06:19.000000000,20.710666666666672
2026-03-05 00:57:24.000000000,15.5
2026-03-05 00:31:48.000000000,8.834666666666667
2026-03-05 01:02:26.000000000,10.285
2026-03-05 01:45:18.000000000,19.257333333333342
2026-03-05 01:16:42.000000000,7.7303333333333315
2026-03-05 01:17:29.000000000,47.718333333333334
2026-03-05 01:50:10.000000000,19.731666666666662
2026-03-05 01:51:22.000000000,10.380999999999998
2026-03-05 02:53:14.000000000,16.152666666666665
2026-03-05 03:13:11.000000000,14.428333333333333
2026-03-05 04:39:09.000000000,13.759000000000004
2026-03-05 04:24:58.000000000,26.07566666666667
2026-03-05 04:27:18.000000000,13.431666666666668
2026-03-05 04:26:30.000000000,20.39466666666667
2026-03-05 05:32:42.000000000,19.047000000000004
2026-03-05 05:15:35.000000000,94.40966666666667
2026-03-05 05:32:15.000000000,9.725666666666665
2026-03-05 05:28:00.000000000,16.75933333333333
2026-03-05 05:08:54.000000000,8.095333333333334
2026-03-05 06:30:21.000000000,42.604000000000006
2026-03-05 06:26:24.000000000,24.06766666666666
2026-03-05 06:00:25.000000000,26.804
2026-03-05 06:31:27.000000000,9.690333333333335
2026-03-05 06:17:18.000000000,43.40566666666666
2026-03-05 06:55:49.000000000,12.223999999999998
2026-03-05 06:47:37.000000000,106.62466666666664
2026-03-05 06:28:28.000000000,15.081333333333331
2026-03-05 06:59:39.000000000,11.453333333333335
2026-03-05 07:03:21.000000000,41.999
2026-03-05 07:52:29.000000000,45.306666666666665
2026-03-05 07:29:01.000000000,32.623333333333335
2026-03-05 07:22:40.000000000,44.995333333333335
2026-03-05 07:41:20.000000000,39.85666666666667
2026-03-05 07:14:04.000000000,155.469
2026-03-05 07:21:12.000000000,21.120666666666672
2026-03-05 07:56:26.000000000,19.753666666666668
2026-03-05 07:04:42.000000000,20.512666666666668
2026-03-05 07:01:14.000000000,27.12333333333333
2026-03-05 07:53:47.000000000,28.765666666666664
2026-03-05 07:42:33.000000000,11.758999999999999
2026-03-05 07:04:43.000000000,19.03366666666667
2026-03-05 07:00:14.000000000,11.023333333333335
2026-03-05 07:38:40.000000000,20.018000000000004
2026-03-05 08:33:57.000000000,7.697333333333333
2026-03-05 08:57:13.000000000,19.727999999999998
2026-03-05 08:31:11.000000000,46.468
2026-03-05 08:50:32.000000000,26.37333333333334
2026-03-05 08:11:59.000000000,36.75566666666666
2026-03-05 08:10:06.000000000,22.27966666666667
2026-03-05 08:10:47.000000000,13.164333333333332
2026-03-05 08:14:30.000000000,49.20666666666667
2026-03-05 08:48:21.000000000,31.196
2026-03-05 08:26:18.000000000,12.30633333333333
2026-03-05 08:31:21.000000000,52.55866666666667
2026-03-05 08:34:34.000000000,52.76899999999999
2026-03-05 08:04:33.000000000,77.25233333333335
2026-03-05 08:35:46.000000000,9.054333333333334
2026-03-05 08:43:27.000000000,15.227333333333336
2026-03-05 08:51:53.000000000,10.866666666666667
2026-03-05 08:49:29.000000000,22.269333333333332
2026-03-05 08:45:09.000000000,50.18066666666666
2026-03-05 08:01:57.000000000,27.505333333333336
2026-03-05 08:50:51.000000000,10.491000000000005
2026-03-05 08:49:29.000000000,109.60533333333332
2026-03-05 08:33:01.000000000,7.77
2026-03-05 08:06:55.000000000,9.179000000000002
2026-03-05 08:19:54.000000000,15.530000000000003
2026-03-05 08:05:57.000000000,15.526333333333328
2026-03-05 08:10:46.000000000,23.823333333333338
2026-03-05 08:27:53.000000000,16.042333333333332
2026-03-05 09:06:04.000000000,61.53033333333334
2026-03-05 09:00:56.000000000,96.1386666666667
2026-03-05 09:20:19.000000000,11.985666666666667
2026-03-05 09:03:16.000000000,11.38033333333333
2026-03-05 09:22:08.000000000,16.035666666666664
2026-03-05 09:51:04.000000000,42.00233333333333
2026-03-05 09:08:55.000000000,11.536999999999999
2026-03-05 09:31:23.000000000,14.590333333333335
2026-03-05 09:58:39.000000000,14.588333333333333
2026-03-05 09:51:31.000000000,16.45766666666666
2026-03-05 09:35:48.000000000,13.832
2026-03-05 09:53:05.000000000,15.257333333333333
2026-03-05 09:50:59.000000000,21.04133333333333
2026-03-05 09:06:24.000000000,31.16033333333333
2026-03-05 09:52:02.000000000,46.598666666666674
2026-03-05 09:37:20.000000000,66.30300000000001
2026-03-05 09:51:45.000000000,18.214999999999996
2026-03-05 09:57:17.000000000,19.872333333333344
2026-03-05 09:24:20.000000000,100.67733333333331
2026-03-05 09:39:16.000000000,8.813666666666668
2026-03-05 09:58:09.000000000,69.41400000000002
2026-03-05 09:04:40.000000000,22.418666666666674
2026-03-05 10:25:28.000000000,18.105666666666664
2026-03-05 10:11:13.000000000,16.18633333333333
2026-03-05 10:26:03.000000000,35.30166666666667
2026-03-05 10:24:40.000000000,8.615666666666666
2026-03-05 10:47:53.000000000,11.535666666666664
2026-03-05 10:22:54.000000000,17.52333333333333
2026-03-05 10:13:58.000000000,29.65133333333334
2026-03-05 10:12:37.000000000,72.25399999999999
2026-03-05 10:43:00.000000000,80.22333333333333
2026-03-05 10:42:21.000000000,144.39233333333337
2026-03-05 10:21:27.000000000,12.402
2026-03-05 10:51:37.000000000,93.20599999999999
2026-03-05 10:52:19.000000000,22.04533333333334
2026-03-05 10:13:17.000000000,23.070666666666664
2026-03-05 10:44:13.000000000,39.736999999999995
2026-03-05 10:20:28.000000000,22.299333333333326
2026-03-05 10:05:21.000000000,13.861666666666672
2026-03-05 10:09:47.000000000,16.878999999999998
2026-03-05 10:37:22.000000000,23.44766666666667
2026-03-05 10:03:59.000000000,31.884666666666664
2026-03-05 10:02:08.000000000,34.282000000000004
2026-03-05 10:00:28.000000000,12.632333333333333
2026-03-05 10:32:47.000000000,22.706666666666663
2026-03-05 10:34:20.000000000,11.813999999999998
2026-03-05 10:03:28.000000000,28.584333333333326
2026-03-05 10:48:15.000000000,90.67766666666667
2026-03-05 10:22:46.000000000,9.077333333333334
2026-03-05 11:43:19.000000000,16.651333333333334
2026-03-05 11:13:31.000000000,15.326666666666664
2026-03-05 11:12:05.000000000,13.750333333333332
2026-03-05 11:30:24.000000000,27.55133333333333
2026-03-05 11:06:38.000000000,15.809333333333331
2026-03-05 11:03:01.000000000,35.36566666666667
2026-03-05 11:26:29.000000000,21.091
2026-03-05 11:39:48.000000000,28.619333333333337
2026-03-05 11:55:07.000000000,46.54033333333333
2026-03-05 11:32:02.000000000,18.787
2026-03-05 11:43:43.000000000,19.043333333333333
2026-03-05 11:25:19.000000000,23.700333333333326
2026-03-05 11:45:44.000000000,20.118000000000002
2026-03-05 11:34:14.000000000,33.051
2026-03-05 11:24:37.000000000,9.199666666666669
2026-03-05 11:43:41.000000000,9.205333333333334
2026-03-05 11:42:22.000000000,10.714
2026-03-05 12:27:59.000000000,13.392333333333335
2026-03-05 12:31:03.000000000,6.8853333333333335
2026-03-05 12:38:36.000000000,108.57000000000001
2026-03-05 12:39:19.000000000,15.492666666666668
2026-03-05 12:38:03.000000000,14.645666666666664
2026-03-05 12:11:26.000000000,8.959999999999999
2026-03-05 12:00:41.000000000,100.91733333333335
2026-03-05 12:13:20.000000000,16.523999999999997
2026-03-05 12:07:58.000000000,10.464333333333336
2026-03-05 12:30:40.000000000,16.590333333333334
2026-03-05 12:11:46.000000000,9.593333333333334
2026-03-05 12:32:04.000000000,24.622999999999998
2026-03-05 12:55:04.000000000,23.407666666666664
2026-03-05 12:18:36.000000000,66.41966666666667
2026-03-05 12:49:32.000000000,83.41666666666669
2026-03-05 12:12:14.000000000,48.21933333333333
2026-03-05 12:43:28.000000000,9.953666666666665
2026-03-05 12:44:53.000000000,13.117666666666663
2026-03-05 13:54:16.000000000,28.53433333333333
2026-03-05 13:29:09.000000000,35.603000000000016
2026-03-05 13:38:10.000000000,15.657666666666664
2026-03-05 13:59:03.000000000,32.31099999999999
2026-03-05 13:53:36.000000000,7.516000000000002
2026-03-05 13:21:50.000000000,16.340666666666674
2026-03-05 13:36:43.000000000,24.152333333333335
2026-03-05 13:16:28.000000000,10.964000000000002
2026-03-05 13:48:38.000000000,7.869666666666668
2026-03-05 13:48:14.000000000,41.342999999999996
2026-03-05 13:55:49.000000000,87.62866666666666
2026-03-05 13:13:22.000000000,13.244333333333334
2026-03-05 13:09:11.000000000,11.934333333333331
2026-03-05 13:01:53.000000000,11.338333333333333
2026-03-05 13:17:38.000000000,25.657333333333337
2026-03-05 14:36:49.000000000,15.49933333333333
2026-03-05 14:45:54.000000000,155.62966666666668
2026-03-05 14:57:29.000000000,20.319
2026-03-05 14:34:03.000000000,86.67733333333332
2026-03-05 14:57:02.000000000,12.321333333333332
2026-03-05 14:12:12.000000000,51.74666666666667
2026-03-05 14:08:29.000000000,8.305666666666665
2026-03-05 14:05:56.000000000,12.923000000000002
2026-03-05 14:03:40.000000000,45.305333333333344
2026-03-05 14:16:02.000000000,58.06533333333334
2026-03-05 15:58:36.000000000,112.52366666666668
2026-03-05 15:07:57.000000000,20.186
2026-03-05 15:12:08.000000000,34.95
2026-03-05 15:29:39.000000000,12.763333333333337
2026-03-05 15:56:16.000000000,11.535333333333332
2026-03-05 15:38:41.000000000,38.28066666666666
2026-03-05 15:22:24.000000000,67.43000000000002
2026-03-05 15:11:43.000000000,59.99099999999999
2026-03-05 15:58:04.000000000,9.242333333333333
2026-03-05 15:10:24.000000000,26.618000000000002
2026-03-05 15:00:41.000000000,18.037
2026-03-05 15:49:52.000000000,29.595000000000002
2026-03-05 15:26:51.000000000,16.718999999999998
2026-03-05 15:57:09.000000000,16.92233333333333
2026-03-05 15:11:19.000000000,24.65266666666667
2026-03-05 15:57:25.000000000,28.52966666666667
2026-03-05 15:49:39.000000000,11.839666666666666
2026-03-05 15:42:09.000000000,12.719666666666663
2026-03-05 15:00:19.000000000,13.369
2026-03-05 15:28:30.000000000,35.25366666666666
2026-03-05 15:18:52.000000000,104.57233333333332
2026-03-05 15:44:03.000000000,37.34866666666666
2026-03-05 15:12:49.000000000,29.820666666666668
2026-03-05 15:06:13.000000000,39.04366666666667
2026-03-05 15:45:51.000000000,21.452999999999996
2026-03-05 15:24:16.000000000,9.521333333333331
2026-03-05 15:21:07.000000000,36.62766666666666
2026-03-05 16:15:26.000000000,11.636000000000001
2026-03-05 16:46:29.000000000,7.234000000000003
2026-03-05 16:43:25.000000000,10.266333333333334
2026-03-05 16:35:20.000000000,48.276666666666664
2026-03-05 16:21:27.000000000,23.098666666666656
2026-03-05 16:55:01.000000000,55.369000000000014
2026-03-05 16:56:18.000000000,26.308333333333334
2026-03-05 16:51:54.000000000,27.458333333333332
2026-03-05 16:51:15.000000000,13.882333333333339
2026-03-05 16:21:13.000000000,62.99666666666667
2026-03-05 16:52:03.000000000,22.267999999999997
2026-03-05 16:51:56.000000000,36.54566666666666
2026-03-05 16:07:28.000000000,16.323666666666668
2026-03-05 16:10:13.000000000,10.744333333333334
2026-03-05 16:04:37.000000000,29.237
2026-03-05 16:27:59.000000000,23.441666666666663
2026-03-05 16:50:52.000000000,11.611666666666668
2026-03-05 16:36:35.000000000,15.122666666666667
2026-03-05 16:34:25.000000000,45.25966666666666
2026-03-05 17:09:33.000000000,14.191000000000004
2026-03-05 17:49:24.000000000,22.990333333333336
2026-03-05 17:04:48.000000000,11.930333333333328
2026-03-05 17:54:11.000000000,61.73733333333333
2026-03-05 17:50:00.000000000,31.870666666666672
2026-03-05 17:54:41.000000000,6.014333333333334
2026-03-05 17:48:43.000000000,7.710333333333332
2026-03-05 17:26:09.000000000,29.804666666666662
2026-03-05 17:45:25.000000000,12.413333333333332
2026-03-05 17:39:30.000000000,19.430999999999994
2026-03-05 17:13:21.000000000,60.433666666666674
2026-03-05 17:45:53.000000000,48.67066666666666
2026-03-05 17:44:40.000000000,24.767333333333337
2026-03-05 17:35:09.000000000,20.862666666666666
2026-03-05 17:55:35.000000000,15.319333333333335
2026-03-05 17:30:06.000000000,9.251666666666669
2026-03-05 17:21:24.000000000,23.427999999999997
2026-03-05 18:13:57.000000000,9.27766666666667
2026-03-05 18:51:06.000000000,11.570666666666662
2026-03-05 18:15:12.000000000,41.72533333333334
2026-03-05 18:03:04.000000000,111.29366666666667
2026-03-05 18:34:44.000000000,12.589333333333332
2026-03-05 18:31:05.000000000,22.377000000000002
2026-03-05 18:30:18.000000000,28.63333333333334
2026-03-05 18:18:10.000000000,31.153000000000002
2026-03-05 18:59:25.000000000,28.19599999999999
2026-03-05 18:28:52.000000000,27.27333333333333
2026-03-05 18:45:30.000000000,42.31733333333333
2026-03-05 18:25:43.000000000,24.543999999999993
2026-03-05 18:51:13.000000000,14.316
2026-03-05 18:14:01.000000000,55.19766666666668
2026-03-05 18:00:55.000000000,55.368
2026-03-05 18:45:03.000000000,17.36066666666667
2026-03-05 18:58:24.000000000,22.239666666666665
2026-03-05 18:58:32.000000000,31.628666666666664
2026-03-05 19:36:25.000000000,88.85766666666665
2026-03-05 19:34:28.000000000,14.756000000000002
2026-03-05 19:05:45.000000000,8.126333333333335
2026-03-05 19:42:07.000000000,27.72433333333333
2026-03-05 19:04:51.000000000,20.399666666666672
2026-03-05 19:37:01.000000000,11.772
2026-03-05 19:41:07.000000000,53.00066666666668
2026-03-05 19:15:23.000000000,16.348666666666666
2026-03-05 19:46:43.000000000,17.140333333333338
2026-03-05 19:12:56.000000000,19.326666666666664
2026-03-05 19:09:52.000000000,24.449999999999996
2026-03-05 19:18:37.000000000,44.068
2026-03-05 19:29:05.000000000,56.13033333333332
2026-03-05 19:29:31.000000000,15.25966666666667
2026-03-05 19:34:54.000000000,6.270666666666665
2026-03-05 19:46:50.000000000,31.65633333333334
2026-03-05 20:46:10.000000000,20.621000000000002
2026-03-05 20:32:19.000000000,16.448666666666668
2026-03-05 20:53:05.000000000,12.390000000000004
2026-03-05 20:02:38.000000000,7.189333333333333
2026-03-05 20:34:41.000000000,27.559333333333324
2026-03-05 20:25:25.000000000,74.25966666666666
2026-03-05 20:24:23.000000000,26.95433333333332
2026-03-05 20:59:16.000000000,14.651333333333332
2026-03-05 20:10:28.000000000,8.030666666666667
2026-03-05 20:09:52.000000000,212.49733333333327
2026-03-05 20:39:33.000000000,20.807999999999996
2026-03-05 20:19:34.000000000,36.95533333333333
2026-03-05 20:14:02.000000000,38.18899999999999
2026-03-05 20:34:10.000000000,38.27700000000001
2026-03-05 20:22:48.000000000,22.89266666666666
2026-03-05 20:48:39.000000000,9.565666666666665
2026-03-05 20:14:53.000000000,21.95633333333333
2026-03-05 20:10:36.000000000,40.99466666666667
2026-03-05 20:19:00.000000000,10.710333333333335
2026-03-05 20:16:44.000000000,78.07633333333332
2026-03-05 20:29:10.000000000,60.38
2026-03-05 20:27:31.000000000,22.11
2026-03-05 20:02:42.000000000,10.724333333333336
2026-03-05 20:52:23.000000000,39.42200000000001
2026-03-05 21:18:15.000000000,31.58333333333333
2026-03-05 21:26:25.000000000,135.623
2026-03-05 21:30:14.000000000,6.105000000000001
2026-03-05 21:33:11.000000000,24.76633333333333
2026-03-05 21:23:42.000000000,204.79399999999995
2026-03-05 21:18:05.000000000,35.153333333333336
2026-03-05 21:10:52.000000000,169.81466666666668
2026-03-05 21:27:46.000000000,90.25033333333332
2026-03-05 21:25:31.000000000,9.893
2026-03-05 21:30:52.000000000,5.313666666666665
2026-03-05 21:16:42.000000000,13.366333333333337
2026-03-05 21:47:36.000000000,6.2606666666666655
2026-03-05 21:41:18.000000000,12.071666666666667
2026-03-05 21:57:11.000000000,26.781666666666663
2026-03-05 21:56:05.000000000,15.48
2026-03-05 21:43:54.000000000,116.27033333333331
2026-03-05 21:28:28.000000000,14.387666666666664
2026-03-05 21:10:27.000000000,16.917999999999996
2026-03-05 21:55:25.000000000,37.87800000000001
2026-03-05 21:26:49.000000000,10.059333333333333
2026-03-05 22:18:31.000000000,44.531333333333336
2026-03-05 22:06:57.000000000,19.50166666666667
2026-03-05 22:39:06.000000000,15.94866666666667
2026-03-05 22:33:13.000000000,16.243666666666666
2026-03-05 22:15:46.000000000,8.002666666666668
2026-03-05 22:46:03.000000000,28.49466666666667
2026-03-05 22:18:33.000000000,21.62033333333333
2026-03-05 22:02:41.000000000,25.670333333333335
2026-03-05 22:30:30.000000000,26.413333333333334
2026-03-05 22:23:20.000000000,10.030666666666669
2026-03-05 22:31:41.000000000,11.587666666666665
2026-03-05 22:01:35.000000000,51.73066666666667
2026-03-05 22:56:32.000000000,21.433666666666667
2026-03-05 22:22:26.000000000,8.157666666666666
2026-03-05 22:23:02.000000000,6.763999999999999
2026-03-05 22:18:56.000000000,25.00366666666666
2026-03-05 22:01:50.000000000,12.262333333333334
2026-03-05 22:52:57.000000000,12.842666666666666
2026-03-05 22:23:46.000000000,69.53333333333336
2026-03-05 22:06:26.000000000,54.950999999999986
2026-03-05 22:13:13.000000000,42.899333333333324
2026-03-05 22:24:23.000000000,13.300666666666663
2026-03-05 22:45:09.000000000,24.45066666666667
2026-03-05 22:10:28.000000000,7.955333333333333
2026-03-05 22:26:52.000000000,57.95
2026-03-05 22:49:21.000000000,21.448
2026-03-05 22:35:07.000000000,16.740666666666666
2026-03-05 23:38:25.000000000,14.777333333333335
2026-03-05 23:04:32.000000000,13.640999999999996
2026-03-05 23:23:37.000000000,17.642
2026-03-05 23:59:29.000000000,18.508333333333333
2026-03-05 23:33:18.000000000,47.644
2026-03-05 23:27:24.000000000,12.259333333333334
2026-03-05 23:57:34.000000000,11.804999999999994
2026-03-05 23:37:44.000000000,14.148000000000001
2026-03-05 23:00:25.000000000,10.392666666666667
2026-03-05 23:55:20.000000000,35.41866666666667
2026-03-05 23:18:27.000000000,18.34033333333334
2026-03-05 23:48:46.000000000,13.323666666666666
2026-03-05 23:09:27.000000000,18.93733333333334
2026-03-05 23:54:35.000000000,17.535333333333334
2026-03-05 23:39:44.000000000,24.93633333333332
2026-03-05 23:09:58.000000000,90.16133333333333
2026-03-05 23:35:42.000000000,31.408333333333324
2026-03-05 23:26:52.000000000,18.706333333333337
2026-03-05 23:31:08.000000000,15.622000000000003
2026-03-05 23:17:17.000000000,18.30466666666667
2026-03-05 23:51:39.000000000,10.816333333333334
2026-03-05 23:51:16.000000000,22.475000000000005
2026-03-05 23:29:10.000000000,37.09433333333333
2026-03-05 23:01:22.000000000,45.70966666666665
2026-03-05 23:41:22.000000000,24.072666666666674
2026-03-05 23:43:35.000000000,21.04633333333333
2026-03-05 23:34:35.000000000,7.063333333333334
2026-03-05 23:32:26.000000000,52.76533333333334
2026-03-05 23:22:25.000000000,9.265333333333334
2026-03-05 23:45:20.000000000,8.367999999999999
2026-03-05 23:18:59.000000000,11.07066666666667
2026-03-06 00:42:52.000000000,30.932333333333336
2026-03-06 00:15:40.000000000,9.821000000000002
2026-03-06 00:04:20.000000000,28.107666666666674
2026-03-06 00:35:19.000000000,26.020666666666664
2026-03-06 00:21:13.000000000,13.205999999999998
2026-03-06 00:45:13.000000000,23.831666666666667
2026-03-06 00:30:00.000000000,37.407999999999994
2026-03-06 01:50:46.000000000,7.317333333333333
2026-03-06 01:21:28.000000000,22.815999999999992
2026-03-06 01:24:38.000000000,10.220333333333333
2026-03-06 01:30:45.000000000,22.27333333333333
2026-03-06 01:06:14.000000000,8.056666666666667
2026-03-06 01:45:07.000000000,8.449666666666666
2026-03-06 01:00:27.000000000,11.574
2026-03-06 01:02:21.000000000,50.12366666666665
2026-03-06 02:20:24.000000000,22.563666666666666
2026-03-06 02:37:16.000000000,13.518333333333333
2026-03-06 02:11:23.000000000,13.186333333333332
2026-03-06 03:25:05.000000000,29.870666666666672
2026-03-06 03:36:21.000000000,55.97366666666667
2026-03-06 03:11:22.000000000,9.673666666666668
2026-03-06 03:45:32.000000000,9.479000000000001
2026-03-06 03:13:54.000000000,12.805333333333332
2026-03-06 04:11:01.000000000,9.395
2026-03-06 04:57:35.000000000,32.065000000000005
2026-03-06 04:16:42.000000000,54.624
2026-03-06 05:04:50.000000000,69.92000000000002
2026-03-06 05:43:13.000000000,50.96833333333332
2026-03-06 05:50:56.000000000,8.027333333333333
2026-03-06 05:07:37.000000000,47.465
2026-03-06 05:37:50.000000000,132.509
2026-03-06 05:25:41.000000000,8.770000000000003
2026-03-06 05:32:03.000000000,64.92699999999998
2026-03-06 05:27:47.000000000,19.86766666666667
2026-03-06 05:53:48.000000000,15.70866666666667
2026-03-06 05:26:14.000000000,7.330333333333333
2026-03-06 05:55:33.000000000,10.995666666666665
2026-03-06 06:19:18.000000000,16.477
2026-03-06 06:28:07.000000000,12.523666666666667
2026-03-06 06:04:24.000000000,16.483999999999998
2026-03-06 06:56:59.000000000,8.736666666666666
2026-03-06 06:25:56.000000000,8.345999999999998
2026-03-06 06:59:08.000000000,25.19033333333333
2026-03-06 06:27:54.000000000,44.94233333333333
2026-03-06 06:25:24.000000000,17.48966666666667
2026-03-06 06:55:43.000000000,55.575666666666685
2026-03-06 06:07:09.000000000,27.577999999999992
2026-03-06 06:23:40.000000000,42.464999999999996
2026-03-06 06:38:48.000000000,67.53633333333335
2026-03-06 06:08:41.000000000,45.34466666666667
2026-03-06 06:01:32.000000000,24.683000000000007
2026-03-06 07:26:12.000000000,34.205666666666666
2026-03-06 07:48:42.000000000,6.4190000000000005
2026-03-06 07:33:41.000000000,20.660000000000004
2026-03-06 07:05:28.000000000,140.81166666666667
2026-03-06 07:54:16.000000000,39.217000000000006
2026-03-06 07:42:56.000000000,9.341333333333333
2026-03-06 07:54:38.000000000,30.324333333333342
2026-03-06 07:07:15.000000000,18.606666666666673
2026-03-06 07:03:55.000000000,12.609666666666667
2026-03-06 07:48:43.000000000,5.932000000000001
2026-03-06 07:35:42.000000000,39.609666666666655
2026-03-06 07:56:49.000000000,99.44066666666666
2026-03-06 08:06:29.000000000,6.258333333333332
2026-03-06 08:29:20.000000000,22.600666666666665
2026-03-06 08:45:54.000000000,26.787666666666663
2026-03-06 08:17:05.000000000,11.145666666666667
2026-03-06 08:18:04.000000000,15.067000000000002
2026-03-06 08:31:24.000000000,8.467999999999998
2026-03-06 08:32:14.000000000,10.601
2026-03-06 08:22:18.000000000,24.124333333333336
2026-03-06 08:26:43.000000000,23.70966666666667
2026-03-06 08:17:16.000000000,5.998666666666668
2026-03-06 08:12:50.000000000,9.307999999999998
2026-03-06 08:41:05.000000000,145.72333333333336
2026-03-06 08:07:07.000000000,17.191333333333333
2026-03-06 08:23:45.000000000,15.442333333333334
2026-03-06 08:24:46.000000000,25.33766666666667
2026-03-06 08:21:58.000000000,15.90033333333334
2026-03-06 08:05:47.000000000,8.686666666666667
2026-03-06 08:19:35.000000000,43.648999999999994
2026-03-06 09:04:21.000000000,10.197333333333331
2026-03-06 09:47:02.000000000,55.460666666666675
2026-03-06 09:21:04.000000000,8.302999999999999
2026-03-06 09:48:28.000000000,22.38533333333333
2026-03-06 09:21:50.000000000,29.106333333333325
2026-03-06 09:36:40.000000000,26.17233333333333
2026-03-06 09:34:15.000000000,16.397666666666666
2026-03-06 09:29:04.000000000,46.563333333333325
2026-03-06 09:08:31.000000000,56.50400000000002
2026-03-06 09:31:03.000000000,51.02033333333335
2026-03-06 09:16:24.000000000,24.368333333333332
2026-03-06 09:47:27.000000000,118.754
2026-03-06 09:36:18.000000000,18.801666666666666
2026-03-06 09:15:14.000000000,10.981666666666666
2026-03-06 09:27:58.000000000,21.742333333333324
2026-03-06 09:24:45.000000000,7.440333333333334
2026-03-06 09:28:23.000000000,7.846
2026-03-06 09:12:42.000000000,13.264666666666667
2026-03-06 09:18:47.000000000,35.61000000000001
2026-03-06 09:09:12.000000000,6.272
2026-03-06 09:17:14.000000000,20.36733333333333
2026-03-06 09:15:27.000000000,20.65066666666667
2026-03-06 10:51:57.000000000,37.257333333333335
2026-03-06 10:33:27.000000000,32.21933333333333
2026-03-06 10:10:21.000000000,36.89466666666667
2026-03-06 10:19:30.000000000,16.27766666666667
2026-03-06 10:52:13.000000000,40.69533333333334
2026-03-06 10:05:24.000000000,57.546000000000014
2026-03-06 10:19:23.000000000,34.93066666666667
2026-03-06 10:26:45.000000000,35.74266666666667
2026-03-06 10:50:52.000000000,16.872333333333334
2026-03-06 10:59:33.000000000,35.50566666666666
2026-03-06 10:55:15.000000000,34.889
2026-03-06 10:23:51.000000000,16.47533333333333
2026-03-06 10:29:06.000000000,30.780666666666665
2026-03-06 10:24:38.000000000,20.425666666666665
2026-03-06 10:41:30.000000000,11.787333333333331
2026-03-06 10:41:49.000000000,33.079666666666675
2026-03-06 10:21:52.000000000,8.966000000000001
2026-03-06 11:43:25.000000000,8.675000000000002
2026-03-06 11:45:32.000000000,9.820666666666664
2026-03-06 11:05:57.000000000,13.199666666666667
2026-03-06 11:40:25.000000000,14.267333333333333
2026-03-06 11:33:55.000000000,11.006
2026-03-06 11:06:05.000000000,9.89666666666667
2026-03-06 11:21:48.000000000,11.657999999999996
2026-03-06 11:29:05.000000000,18.592666666666663
2026-03-06 11:34:48.000000000,14.619000000000003
2026-03-06 11:55:32.000000000,31.351000000000003
2026-03-06 11:11:11.000000000,12.961999999999994
2026-03-06 11:23:21.000000000,84.23466666666667
2026-03-06 11:51:58.000000000,72.20399999999998
2026-03-06 11:37:19.000000000,20.93233333333333
2026-03-06 11:38:24.000000000,22.59233333333333
2026-03-06 11:35:11.000000000,19.526999999999997
2026-03-06 11:04:00.000000000,36.964666666666666
2026-03-06 12:18:58.000000000,7.875666666666665
2026-03-06 12:58:48.000000000,41.45466666666666
2026-03-06 12:26:22.000000000,13.106666666666666
2026-03-06 12:01:10.000000000,18.18066666666667
2026-03-06 12:15:53.000000000,43.26599999999999
2026-03-06 12:36:19.000000000,11.093333333333335
2026-03-06 12:36:31.000000000,16.171000000000006
2026-03-06 13:02:35.000000000,32.754666666666665
2026-03-06 13:35:09.000000000,9.627666666666665
2026-03-06 13:17:38.000000000,22.351000000000003
2026-03-06 13:56:01.000000000,50.71333333333334
2026-03-06 13:41:20.000000000,28.416000000000004
2026-03-06 13:02:32.000000000,10.231666666666667
2026-03-06 13:41:54.000000000,64.16166666666668
2026-03-06 13:45:13.000000000,9.853666666666667
2026-03-06 13:41:26.000000000,17.071666666666665
2026-03-06 14:16:55.000000000,27.642666666666667
2026-03-06 14:48:37.000000000,217.631
2026-03-06 14:57:12.000000000,17.845666666666666
2026-03-06 14:48:29.000000000,28.883333333333336
2026-03-06 14:07:39.000000000,28.47499999999999
2026-03-06 14:46:55.000000000,9.423333333333336
2026-03-06 14:04:26.000000000,10.630666666666665
2026-03-06 14:31:27.000000000,32.52633333333334
2026-03-06 14:23:40.000000000,20.24033333333333
2026-03-06 14:25:05.000000000,19.102333333333334
2026-03-06 14:46:06.000000000,14.755333333333333
2026-03-06 14:50:51.000000000,27.81166666666666
2026-03-06 14:01:52.000000000,36.75233333333334
2026-03-06 14:22:01.000000000,16.01666666666667
2026-03-06 14:19:40.000000000,9.938
2026-03-06 14:56:25.000000000,9.993999999999998
2026-03-06 14:12:36.000000000,9.895333333333333
2026-03-06 14:11:22.000000000,8.083
2026-03-06 15:57:33.000000000,57.13933333333334
2026-03-06 15:07:23.000000000,43.63
2026-03-06 15:50:52.000000000,20.890333333333334
2026-03-06 15:29:15.000000000,13.403666666666673
2026-03-06 15:47:04.000000000,5.7346666666666675
2026-03-06 15:04:32.000000000,55.51300000000002
2026-03-06 15:10:50.000000000,10.594333333333335
2026-03-06 15:44:28.000000000,77.93333333333335
2026-03-06 15:33:39.000000000,59.71566666666667
2026-03-06 15:54:24.000000000,165.65300000000005
2026-03-06 15:05:33.000000000,13.153666666666672
2026-03-06 15:58:24.000000000,15.799666666666663
2026-03-06 15:15:17.000000000,32.806999999999995
2026-03-06 15:58:01.000000000,8.348
2026-03-06 15:38:04.000000000,13.882333333333339
2026-03-06 15:56:39.000000000,50.41533333333333
2026-03-06 15:35:00.000000000,16.791
2026-03-06 16:16:58.000000000,8.025666666666668
2026-03-06 16:04:26.000000000,43.205000000000005
2026-03-06 16:35:46.000000000,127.99433333333332
2026-03-06 16:03:54.000000000,36.67733333333333
2026-03-06 16:11:42.000000000,12.437000000000003
2026-03-06 16:51:22.000000000,13.051333333333336
2026-03-06 16:12:20.000000000,67.64333333333335
2026-03-06 16:02:14.000000000,9.03266666666667
2026-03-06 16:10:23.000000000,19.778666666666666
2026-03-06 16:28:20.000000000,7.902666666666667
2026-03-06 16:06:24.000000000,9.985333333333333
2026-03-06 16:27:21.000000000,9.702333333333335
2026-03-06 16:48:34.000000000,20.447
2026-03-06 16:36:06.000000000,14.204333333333336
2026-03-06 16:22:23.000000000,35.15399999999999
2026-03-06 16:22:55.000000000,10.539333333333339
2026-03-06 16:14:11.000000000,13.911333333333335
2026-03-06 16:56:47.000000000,51.167
2026-03-06 17:27:11.000000000,116.82799999999997
2026-03-06 17:05:25.000000000,45.238000000000014
2026-03-06 17:59:44.000000000,27.359999999999996
2026-03-06 17:39:42.000000000,20.579333333333334
2026-03-06 17:26:08.000000000,11.548666666666668
2026-03-06 17:23:47.000000000,66.80033333333333
2026-03-06 17:38:53.000000000,13.74666666666667
2026-03-06 17:06:22.000000000,8.866000000000001
2026-03-06 17:16:24.000000000,17.844333333333335
2026-03-06 17:30:52.000000000,22.119999999999994
2026-03-06 17:02:03.000000000,20.965999999999998
2026-03-06 17:15:04.000000000,11.672333333333334
2026-03-06 17:47:54.000000000,7.679999999999998
2026-03-06 17:57:00.000000000,14.397333333333336
2026-03-06 17:37:37.000000000,12.524666666666667
2026-03-06 17:15:40.000000000,11.66933333333333
2026-03-06 17:37:20.000000000,33.76399999999999
2026-03-06 17:13:03.000000000,29.153666666666663
2026-03-06 17:54:27.000000000,9.303333333333335
2026-03-06 17:34:30.000000000,18.630999999999997
2026-03-06 17:29:52.000000000,7.527333333333331
2026-03-06 17:45:28.000000000,19.008666666666667
2026-03-06 17:06:24.000000000,14.938
2026-03-06 17:16:24.000000000,31.95566666666667
2026-03-06 18:20:05.000000000,26.200333333333337
2026-03-06 18:08:08.000000000,13.319666666666668
2026-03-06 18:33:45.000000000,21.754999999999992
2026-03-06 18:39:34.000000000,23.32066666666667
2026-03-06 18:53:50.000000000,38.675666666666665
2026-03-06 18:37:24.000000000,34.873
2026-03-06 18:38:55.000000000,28.303666666666675
2026-03-06 18:50:51.000000000,23.42833333333333
2026-03-06 18:40:41.000000000,10.141999999999998
2026-03-06 18:34:17.000000000,11.867666666666668
2026-03-06 18:45:56.000000000,31.31333333333333
2026-03-06 18:59:45.000000000,21.598000000000006
2026-03-06 18:19:32.000000000,37.233666666666664
2026-03-06 18:59:54.000000000,10.188333333333334
2026-03-06 18:11:24.000000000,156.91899999999995
2026-03-06 18:52:10.000000000,160.44833333333332
2026-03-06 18:14:45.000000000,15.159666666666665
2026-03-06 18:16:03.000000000,42.632666666666665
2026-03-06 18:38:52.000000000,30.171666666666667
2026-03-06 18:42:51.000000000,19.30733333333334
2026-03-06 18:01:42.000000000,15.373999999999999
2026-03-06 18:33:46.000000000,42.98666666666667
2026-03-06 18:42:14.000000000,11.096333333333332
2026-03-06 18:38:21.000000000,12.239333333333336
2026-03-06 18:36:52.000000000,15.261333333333338
2026-03-06 18:31:55.000000000,15.955333333333334
2026-03-06 19:18:26.000000000,14.384666666666668
2026-03-06 19:23:19.000000000,32.46166666666667
2026-03-06 19:50:10.000000000,18.066000000000006
2026-03-06 19:00:21.000000000,8.068333333333332
2026-03-06 19:15:25.000000000,10.89766666666667
2026-03-06 19:54:45.000000000,39.64533333333333
2026-03-06 19:57:20.000000000,22.60733333333333
2026-03-06 19:16:45.000000000,13.737666666666664
2026-03-06 19:49:48.000000000,33.795
2026-03-06 19:39:38.000000000,48.454000000000015
2026-03-06 19:05:35.000000000,60.083666666666666
2026-03-06 19:35:13.000000000,19.708000000000006
2026-03-06 19:10:34.000000000,27.661666666666672
2026-03-06 19:16:41.000000000,82.66066666666664
2026-03-06 19:08:31.000000000,11.656000000000004
2026-03-06 19:03:27.000000000,31.253333333333334
2026-03-06 19:09:10.000000000,9.829000000000002
2026-03-06 19:41:34.000000000,18.08
2026-03-06 19:13:42.000000000,17.862666666666662
2026-03-06 20:26:42.000000000,9.831999999999999
2026-03-06 20:36:17.000000000,21.44466666666667
2026-03-06 20:55:30.000000000,8.012000000000002
2026-03-06 20:45:01.000000000,20.941333333333333
2026-03-06 20:59:51.000000000,22.455666666666662
2026-03-06 20:18:41.000000000,20.614666666666665
2026-03-06 20:55:06.000000000,13.909666666666674
2026-03-06 20:18:57.000000000,21.358333333333334
2026-03-06 20:33:52.000000000,29.567666666666664
2026-03-06 20:03:07.000000000,18.963666666666665
2026-03-06 20:00:17.000000000,47.54433333333332
2026-03-06 20:18:57.000000000,15.132666666666667
2026-03-06 20:21:36.000000000,22.598000000000003
2026-03-06 20:26:24.000000000,14.3
2026-03-06 20:26:58.000000000,11.253666666666668
2026-03-06 20:31:37.000000000,29.144999999999996
2026-03-06 20:03:27.000000000,14.694666666666668
2026-03-06 20:06:50.000000000,27.431666666666665
2026-03-06 20:59:12.000000000,38.342
2026-03-06 20:00:19.000000000,15.103000000000002
2026-03-06 20:04:28.000000000,27.289666666666673
2026-03-06 20:18:06.000000000,21.64266666666667
2026-03-06 20:04:19.000000000,13.305333333333335
2026-03-06 20:10:55.000000000,21.235666666666667
2026-03-06 21:15:18.000000000,16.232333333333333
2026-03-06 21:17:28.000000000,20.637666666666668
2026-03-06 21:22:43.000000000,15.621666666666666
2026-03-06 21:01:30.000000000,32.28633333333334
2026-03-06 21:37:42.000000000,19.808333333333334
2026-03-06 21:48:36.000000000,20.13633333333333
2026-03-06 21:56:02.000000000,10.603000000000002
2026-03-06 21:21:43.000000000,12.615999999999998
2026-03-06 21:39:35.000000000,21.754999999999995
2026-03-06 21:20:26.000000000,26.318666666666672
2026-03-06 21:06:02.000000000,8.813666666666666
2026-03-06 21:44:21.000000000,17.79533333333334
2026-03-06 21:22:54.000000000,41.727666666666664
2026-03-06 21:40:27.000000000,35.858666666666664
2026-03-06 21:57:35.000000000,14.125333333333336
2026-03-06 21:11:07.000000000,11.78866666666667
2026-03-06 21:35:56.000000000,10.171999999999999
2026-03-06 21:13:45.000000000,20.538333333333338
2026-03-06 21:38:51.000000000,31.699666666666676
2026-03-06 21:19:16.000000000,5.724333333333333
2026-03-06 21:49:48.000000000,40.36966666666667
2026-03-06 21:24:07.000000000,40.523333333333326
2026-03-06 22:49:44.000000000,37.818333333333335
2026-03-06 22:53:19.000000000,15.145
2026-03-06 22:22:21.000000000,20.165333333333333
2026-03-06 22:10:53.000000000,70.45133333333335
2026-03-06 22:16:46.000000000,23.086000000000002
2026-03-06 22:50:36.000000000,16.563000000000002
2026-03-06 22:28:02.000000000,23.90533333333334
2026-03-06 22:32:01.000000000,75.44766666666666
2026-03-06 22:29:50.000000000,49.54900000000001
2026-03-06 22:06:19.000000000,16.59133333333333
2026-03-06 22:35:03.000000000,17.584333333333333
2026-03-06 22:29:33.000000000,26.394999999999996
2026-03-06 22:50:10.000000000,18.494000000000007
2026-03-06 22:53:44.000000000,58.833000000000006
2026-03-06 22:25:16.000000000,14.588666666666667
2026-03-06 22:40:34.000000000,13.613333333333335
2026-03-06 22:43:02.000000000,8.732333333333333
2026-03-06 22:46:09.000000000,21.86333333333333
2026-03-06 22:28:27.000000000,12.454333333333334
2026-03-06 22:13:24.000000000,24.04766666666666
2026-03-06 22:10:34.000000000,20.26533333333333
2026-03-06 22:23:13.000000000,11.714333333333334
2026-03-06 22:49:31.000000000,23.36733333333333
2026-03-06 22:18:53.000000000,37.60466666666666
2026-03-06 23:28:07.000000000,13.389999999999997
2026-03-06 23:53:48.000000000,6.193666666666666
2026-03-06 23:58:43.000000000,13.906666666666668
2026-03-06 23:49:46.000000000,13.108999999999996
2026-03-06 23:15:36.000000000,58.92533333333334
2026-03-06 23:21:54.000000000,11.350000000000001
2026-03-06 23:13:33.000000000,15.707666666666665
2026-03-06 23:14:02.000000000,23.464666666666666
2026-03-06 23:07:45.000000000,7.362333333333334
2026-03-06 23:52:30.000000000,9.027666666666669
2026-03-06 23:39:21.000000000,45.72066666666669
2026-03-06 23:11:35.000000000,237.0536666666666
2026-03-06 23:57:47.000000000,21.924666666666667
2026-03-06 23:17:08.000000000,48.615
2026-03-06 23:53:58.000000000,11.666666666666663
2026-03-06 23:32:04.000000000,17.649333333333335
2026-03-06 23:04:42.000000000,95.78300000000003
2026-03-07 00:09:46.000000000,34.43566666666666
2026-03-07 00:50:06.000000000,23.875999999999994
2026-03-07 00:13:39.000000000,23.50633333333334
2026-03-07 00:36:14.000000000,12.61233333333333
2026-03-07 00:29:28.000000000,8.793333333333333
2026-03-07 00:54:29.000000000,38.499
2026-03-07 00:14:23.000000000,24.111666666666665
2026-03-07 00:40:16.000000000,9.161999999999999
2026-03-07 00:47:34.000000000,21.012666666666668
2026-03-07 00:47:25.000000000,10.638333333333332
2026-03-07 00:57:23.000000000,13.12266666666667
2026-03-07 00:44:07.000000000,60.030333333333324
2026-03-07 00:09:18.000000000,20.700333333333333
2026-03-07 00:17:05.000000000,23.246999999999996
2026-03-07 00:55:26.000000000,34.60833333333334
2026-03-07 00:46:54.000000000,29.9
2026-03-07 00:34:50.000000000,31.594333333333335
2026-03-07 00:44:05.000000000,8.72733333333333
2026-03-07 00:37:51.000000000,16.81533333333333
2026-03-07 00:54:53.000000000,10.67
2026-03-07 00:04:34.000000000,29.309000000000005
2026-03-07 00:19:48.000000000,14.312666666666665
2026-03-07 00:00:08.000000000,21.419666666666664
2026-03-07 01:48:32.000000000,8.95166666666667
2026-03-07 01:02:39.000000000,32.014
2026-03-07 01:38:23.000000000,8.15933333333333
2026-03-07 01:54:39.000000000,16.61766666666666
2026-03-07 01:05:01.000000000,11.044666666666668
2026-03-07 01:46:49.000000000,11.877666666666665
2026-03-07 01:59:53.000000000,9.305666666666665
2026-03-07 01:40:34.000000000,19.810333333333336
2026-03-07 01:11:08.000000000,11.629666666666663
2026-03-07 01:03:08.000000000,10.577333333333334
2026-03-07 01:43:33.000000000,59.597666666666676
2026-03-07 01:29:13.000000000,26.032666666666675
2026-03-07 01:10:39.000000000,18.624666666666666
2026-03-07 01:13:14.000000000,9.814666666666666
2026-03-07 02:56:07.000000000,18.102666666666668
2026-03-07 02:18:04.000000000,21.225
2026-03-07 02:47:39.000000000,45.13533333333333
2026-03-07 02:17:02.000000000,34.81366666666667
2026-03-07 02:59:22.000000000,16.21666666666666
2026-03-07 02:50:15.000000000,49.817
2026-03-07 02:46:10.000000000,25.287666666666667
2026-03-07 02:08:15.000000000,12.756333333333332
2026-03-07 02:36:00.000000000,42.55
2026-03-07 02:53:45.000000000,25.196666666666662
2026-03-07 02:26:56.000000000,19.264666666666674
2026-03-07 02:43:32.000000000,15.549333333333331
2026-03-07 02:32:19.000000000,39.22066666666667
2026-03-07 02:47:58.000000000,103.54866666666668
2026-03-07 02:03:18.000000000,14.439333333333334
2026-03-07 02:26:47.000000000,35.53833333333334
2026-03-07 03:41:18.000000000,9.802666666666665
2026-03-07 03:08:34.000000000,42.515
2026-03-07 03:43:35.000000000,5.671666666666669
2026-03-07 03:43:46.000000000,29.756333333333334
2026-03-07 03:30:37.000000000,18.789666666666673
2026-03-07 03:27:51.000000000,29.915999999999997
2026-03-07 03:26:06.000000000,19.617999999999995
2026-03-07 03:17:04.000000000,24.055666666666664
2026-03-07 03:20:19.000000000,14.24633333333333
2026-03-07 03:00:19.000000000,24.341000000000005
2026-03-07 04:40:41.000000000,26.90833333333332
2026-03-07 04:21:18.000000000,18.36366666666667
2026-03-07 04:42:54.000000000,13.429000000000002
2026-03-07 04:25:26.000000000,27.16699999999999
2026-03-07 04:30:43.000000000,15.027999999999997
2026-03-07 05:48:09.000000000,63.33533333333333
2026-03-07 05:53:17.000000000,32.50333333333334
2026-03-07 05:34:39.000000000,54.438666666666656
2026-03-07 05:41:08.000000000,34.799333333333344
2026-03-07 05:44:35.000000000,16.38533333333333
2026-03-07 05:01:40.000000000,120.8106666666667
2026-03-07 06:19:02.000000000,11.453999999999997
2026-03-07 06:25:53.000000000,34.12466666666666
2026-03-07 06:58:40.000000000,21.74566666666667
2026-03-07 06:49:33.000000000,8.373333333333335
2026-03-07 06:36:44.000000000,14.655333333333335
2026-03-07 06:25:51.000000000,53.06233333333334
2026-03-07 06:05:42.000000000,17.703666666666663
2026-03-07 07:24:18.000000000,8.923666666666666
2026-03-07 07:37:16.000000000,9.878666666666668
2026-03-07 07:09:19.000000000,8.767666666666665
2026-03-07 07:41:24.000000000,9.02633333333333
2026-03-07 07:20:23.000000000,17.648000000000003
2026-03-07 07:04:57.000000000,28.534000000000002
2026-03-07 07:02:24.000000000,16.641666666666666
2026-03-07 07:52:47.000000000,7.748333333333333
2026-03-07 08:48:44.000000000,20.545666666666662
2026-03-07 08:12:04.000000000,60.45066666666669
2026-03-07 08:32:40.000000000,19.84333333333334
2026-03-07 08:32:11.000000000,15.013000000000002
2026-03-07 08:07:18.000000000,7.977666666666665
2026-03-07 08:28:16.000000000,32.42966666666668
2026-03-07 08:41:43.000000000,8.768999999999998
2026-03-07 08:50:06.000000000,14.176999999999998
2026-03-07 09:57:57.000000000,45.84466666666666
2026-03-07 09:15:59.000000000,11.427999999999999
2026-03-07 09:31:22.000000000,8.134666666666664
2026-03-07 09:38:35.000000000,52.800000000000004
2026-03-07 09:03:00.000000000,37.69833333333334
2026-03-07 09:32:22.000000000,27.314000000000004
2026-03-07 09:50:18.000000000,15.974666666666668
2026-03-07 09:58:13.000000000,8.837333333333332
2026-03-07 09:08:49.000000000,8.575999999999999
2026-03-07 09:37:13.000000000,31.125999999999998
2026-03-07 09:25:04.000000000,8.691333333333331
2026-03-07 09:39:12.000000000,27.63933333333333
2026-03-07 09:21:31.000000000,11.543333333333333
2026-03-07 10:32:54.000000000,13.557666666666668
2026-03-07 10:38:09.000000000,12.903999999999998
2026-03-07 10:33:11.000000000,8.924
2026-03-07 10:04:59.000000000,23.712333333333323
2026-03-07 10:40:01.000000000,12.211333333333336
2026-03-07 10:13:18.000000000,16.119333333333334
2026-03-07 10:01:19.000000000,25.20233333333334
2026-03-07 10:25:45.000000000,6.507333333333336
2026-03-07 10:44:05.000000000,14.796666666666663
2026-03-07 10:08:27.000000000,12.099333333333332
2026-03-07 10:55:31.000000000,26.570666666666668
2026-03-07 11:45:58.000000000,49.653000000000006
2026-03-07 11:09:53.000000000,18.509333333333334
2026-03-07 11:39:12.000000000,35.836333333333336
2026-03-07 11:06:20.000000000,8.073333333333332
2026-03-07 11:24:15.000000000,20.63
2026-03-07 11:15:29.000000000,33.037000000000006
2026-03-07 11:09:47.000000000,17.166999999999994
2026-03-07 11:50:15.000000000,31.187
2026-03-07 11:21:51.000000000,19.817
2026-03-07 11:32:51.000000000,13.789666666666665
2026-03-07 11:05:57.000000000,17.58733333333333
2026-03-07 11:52:23.000000000,7.835333333333334
2026-03-07 11:26:48.000000000,9.149000000000001
2026-03-07 11:25:01.000000000,14.980000000000002
2026-03-07 12:47:05.000000000,33.65
2026-03-07 12:27:26.000000000,20.178333333333338
2026-03-07 12:55:17.000000000,47.33
2026-03-07 12:55:50.000000000,11.142666666666663
2026-03-07 12:19:26.000000000,23.216333333333328
2026-03-07 12:44:47.000000000,16.574666666666666
2026-03-07 12:36:40.000000000,53.08933333333333
2026-03-07 12:10:02.000000000,49.01533333333335
2026-03-07 12:12:41.000000000,23.681
2026-03-07 12:03:28.000000000,42.82633333333334
2026-03-07 12:24:16.000000000,43.034
2026-03-07 12:29:50.000000000,15.547333333333334
2026-03-07 12:24:55.000000000,24.16133333333333
2026-03-07 12:36:33.000000000,24.53033333333333
2026-03-07 12:06:04.000000000,14.127666666666665
2026-03-07 12:14:40.000000000,44.90866666666666
2026-03-07 12:59:01.000000000,7.954333333333332
2026-03-07 12:43:57.000000000,60.007666666666665
2026-03-07 12:51:16.000000000,45.628
2026-03-07 12:25:44.000000000,8.067666666666666
2026-03-07 12:01:12.000000000,8.175333333333333
2026-03-07 12:01:37.000000000,12.521333333333333
2026-03-07 13:30:31.000000000,105.11666666666669
2026-03-07 13:05:28.000000000,18.368333333333332
2026-03-07 13:40:33.000000000,47.42666666666666
2026-03-07 13:49:01.000000000,25.705333333333332
2026-03-07 13:00:59.000000000,26.271666666666658
2026-03-07 13:46:30.000000000,11.748333333333333
2026-03-07 13:18:58.000000000,11.799999999999999
2026-03-07 13:05:09.000000000,20.579999999999995
2026-03-07 13:07:16.000000000,14.948666666666668
2026-03-07 13:40:32.000000000,64.86733333333333
2026-03-07 13:23:35.000000000,25.213000000000008
2026-03-07 13:51:24.000000000,11.38433333333333
2026-03-07 13:11:34.000000000,23.980666666666664
2026-03-07 13:23:14.000000000,33.69866666666667
2026-03-07 13:57:42.000000000,10.741333333333335
2026-03-07 13:13:33.000000000,29.338000000000005
2026-03-07 14:09:42.000000000,11.508999999999997
2026-03-07 14:06:43.000000000,21.568666666666658
2026-03-07 14:16:41.000000000,11.240333333333338
2026-03-07 14:40:56.000000000,10.458666666666666
2026-03-07 14:24:54.000000000,30.75866666666667
2026-03-07 14:35:23.000000000,18.062
2026-03-07 14:23:27.000000000,10.16566666666667
2026-03-07 14:42:40.000000000,31.779666666666667
2026-03-07 14:09:53.000000000,26.386999999999997
2026-03-07 14:23:06.000000000,14.697000000000001
2026-03-07 14:16:29.000000000,15.809666666666667
2026-03-07 14:35:33.000000000,23.39466666666667
2026-03-07 14:44:44.000000000,15.834999999999999
2026-03-07 14:28:41.000000000,30.180333333333337
2026-03-07 14:28:37.000000000,22.66833333333333
2026-03-07 14:45:36.000000000,19.012666666666664
2026-03-07 14:19:07.000000000,7.857666666666668
2026-03-07 14:50:10.000000000,35.951333333333345
2026-03-07 14:51:53.000000000,8.064666666666668
2026-03-07 14:04:17.000000000,23.25866666666667
2026-03-07 14:00:24.000000000,8.002999999999998
2026-03-07 14:18:34.000000000,6.623666666666668
2026-03-07 15:17:31.000000000,21.7
2026-03-07 15:15:53.000000000,10.652333333333333
2026-03-07 15:52:38.000000000,13.51866666666667
2026-03-07 15:39:28.000000000,13.817333333333334
2026-03-07 15:30:56.000000000,17.90333333333334
2026-03-07 15:58:23.000000000,19.273333333333333
2026-03-07 15:47:25.000000000,36.60999999999999
2026-03-07 15:36:06.000000000,8.490666666666668
2026-03-07 16:40:00.000000000,32.87766666666666
2026-03-07 16:31:17.000000000,45.243
2026-03-07 16:22:09.000000000,27.30599999999999
2026-03-07 16:27:50.000000000,17.877
2026-03-07 16:45:43.000000000,18.04833333333334
2026-03-07 16:17:39.000000000,19.022333333333336
2026-03-07 16:26:24.000000000,7.078333333333332
2026-03-07 16:01:40.000000000,14.468333333333334
2026-03-07 16:54:51.000000000,8.097000000000001
2026-03-07 16:28:26.000000000,13.170333333333334
2026-03-07 16:15:57.000000000,20.631000000000004
2026-03-07 16:24:36.000000000,16.771
2026-03-07 16:55:09.000000000,38.07000000000001
2026-03-07 16:59:50.000000000,8.087000000000002
2026-03-07 16:31:59.000000000,41.415333333333336
2026-03-07 16:55:59.000000000,9.985333333333331
2026-03-07 16:56:51.000000000,11.131666666666666
2026-03-07 16:43:59.000000000,24.625666666666667
2026-03-07 17:16:01.000000000,7.901666666666665
2026-03-07 17:40:49.000000000,8.106
2026-03-07 17:40:06.000000000,50.20966666666666
2026-03-07 17:09:36.000000000,39.050666666666665
2026-03-07 17:13:01.000000000,6.337666666666665
2026-03-07 17:18:18.000000000,21.927666666666656
2026-03-07 17:00:04.000000000,14.647333333333334
2026-03-07 17:06:16.000000000,27.65133333333333
2026-03-07 17:37:34.000000000,25.886333333333333
2026-03-07 17:43:05.000000000,8.106333333333332
2026-03-07 17:08:20.000000000,17.398333333333333
2026-03-07 17:45:26.000000000,21.653999999999996
2026-03-07 17:11:59.000000000,18.686333333333327
2026-03-07 17:30:09.000000000,46.08066666666666
2026-03-07 17:50:33.000000000,21.366999999999997
2026-03-07 17:49:09.000000000,22.394000000000002
2026-03-07 17:18:18.000000000,12.435666666666663
2026-03-07 17:48:33.000000000,20.481333333333335
2026-03-07 17:02:02.000000000,18.035666666666664
2026-03-07 17:57:44.000000000,31.93333333333334
2026-03-07 17:58:32.000000000,55.825
2026-03-07 17:59:33.000000000,7.263333333333333
2026-03-07 17:08:50.000000000,55.26600000000001
2026-03-07 18:27:55.000000000,34.821
2026-03-07 18:40:41.000000000,10.788333333333338
2026-03-07 18:12:04.000000000,17.826
2026-03-07 18:13:55.000000000,19.406666666666673
2026-03-07 18:43:28.000000000,10.107000000000001
2026-03-07 18:39:52.000000000,106.145
2026-03-07 18:45:34.000000000,40.32399999999999
2026-03-07 18:20:13.000000000,9.68
2026-03-07 18:45:12.000000000,9.667
2026-03-07 18:32:52.000000000,58.62000000000002
2026-03-07 18:24:32.000000000,17.130666666666666
2026-03-07 18:23:55.000000000,101.50800000000002
2026-03-07 18:16:40.000000000,38.48799999999999
2026-03-07 18:00:37.000000000,46.104333333333344
2026-03-07 18:36:04.000000000,19.470000000000002
2026-03-07 18:27:46.000000000,9.40633333333333
2026-03-07 18:45:58.000000000,23.304666666666666
2026-03-07 18:44:26.000000000,19.68366666666667
2026-03-07 18:42:27.000000000,42.58433333333334
2026-03-07 18:18:19.000000000,10.223666666666666
2026-03-07 18:00:42.000000000,25.84133333333333
2026-03-07 18:17:04.000000000,27.28166666666667
2026-03-07 19:20:36.000000000,40.60666666666667
2026-03-07 19:34:15.000000000,33.186
2026-03-07 19:23:57.000000000,8.286
2026-03-07 19:55:30.000000000,15.84466666666667
2026-03-07 19:22:32.000000000,12.376666666666669
2026-03-07 19:50:17.000000000,35.30733333333333
2026-03-07 19:00:35.000000000,49.86233333333334
2026-03-07 19:10:06.000000000,5.936333333333334
2026-03-07 19:09:56.000000000,41.01066666666667
2026-03-07 19:42:17.000000000,31.273333333333333
2026-03-07 19:47:37.000000000,14.301666666666666
2026-03-07 19:09:32.000000000,10.24
2026-03-07 19:44:53.000000000,7.759333333333335
2026-03-07 19:51:04.000000000,32.60699999999999
2026-03-07 19:46:32.000000000,52.642666666666656
2026-03-07 19:03:12.000000000,24.136333333333344
2026-03-07 20:56:03.000000000,55.430666666666674
2026-03-07 20:05:16.000000000,13.693333333333335
2026-03-07 20:35:17.000000000,21.031000000000006
2026-03-07 20:06:08.000000000,27.615999999999996
2026-03-07 20:03:18.000000000,19.067999999999998
2026-03-07 20:44:15.000000000,14.325333333333335
2026-03-07 20:41:53.000000000,35.54433333333335
2026-03-07 20:53:24.000000000,15.919999999999995
2026-03-07 20:23:33.000000000,16.389333333333333
2026-03-07 20:02:10.000000000,16.922666666666665
2026-03-07 20:47:50.000000000,11.877666666666665
2026-03-07 20:24:17.000000000,20.583333333333332
2026-03-07 20:17:55.000000000,43.217999999999996
2026-03-07 20:48:42.000000000,31.673666666666673
2026-03-07 20:19:06.000000000,15.026333333333334
2026-03-07 20:52:05.000000000,14.27
2026-03-07 21:54:35.000000000,13.142666666666667
2026-03-07 21:41:07.000000000,59.350000000000016
2026-03-07 21:21:24.000000000,40.796333333333344
2026-03-07 21:25:12.000000000,25.561666666666664
2026-03-07 21:18:34.000000000,33.37733333333333
2026-03-07 21:03:12.000000000,11.792666666666664
2026-03-07 21:43:42.000000000,44.27133333333334
2026-03-07 21:10:42.000000000,12.174666666666665
2026-03-07 21:56:52.000000000,24.538666666666664
2026-03-07 21:13:41.000000000,28.485666666666667
2026-03-07 21:18:54.000000000,6.027333333333334
2026-03-07 21:15:57.000000000,20.257666666666672
2026-03-07 21:22:45.000000000,10.757666666666667
2026-03-07 21:19:17.000000000,27.696333333333328
2026-03-07 21:51:38.000000000,8.647666666666668
2026-03-07 21:58:54.000000000,13.40633333333333
2026-03-07 21:30:26.000000000,19.153999999999996
2026-03-07 21:37:19.000000000,27.651333333333334
2026-03-07 21:03:47.000000000,24.787333333333333
2026-03-07 21:15:21.000000000,28.65033333333333
2026-03-07 21:40:46.000000000,28.294999999999998
2026-03-07 22:56:32.000000000,18.215666666666667
2026-03-07 22:36:14.000000000,28.28799999999999
2026-03-07 22:43:21.000000000,29.033000000000005
2026-03-07 22:56:04.000000000,16.875
2026-03-07 22:01:05.000000000,31.320000000000004
2026-03-07 22:27:54.000000000,32.165000000000006
2026-03-07 22:31:40.000000000,10.691666666666668
2026-03-07 22:57:07.000000000,10.684666666666667
2026-03-07 22:32:44.000000000,11.094333333333331
2026-03-07 22:16:12.000000000,8.109333333333332
2026-03-07 22:37:52.000000000,7.562999999999998
2026-03-07 22:57:02.000000000,16.59
2026-03-07 22:45:54.000000000,24.13366666666667
2026-03-07 22:13:51.000000000,27.00000000000001
2026-03-07 22:52:40.000000000,10.782000000000004
2026-03-07 22:20:05.000000000,20.225666666666662
2026-03-07 22:28:39.000000000,10.740999999999996
2026-03-07 22:32:10.000000000,49.07833333333334
2026-03-07 22:23:46.000000000,9.913666666666666
2026-03-07 22:56:04.000000000,24.017000000000003
2026-03-07 22:57:10.000000000,14.519666666666664
2026-03-07 22:13:08.000000000,17.490000000000002
2026-03-07 23:20:45.000000000,9.742333333333333
2026-03-07 23:54:27.000000000,11.181333333333331
2026-03-07 23:36:38.000000000,20.12066666666667
2026-03-07 23:10:09.000000000,17.577333333333332
2026-03-07 23:34:26.000000000,18.637
2026-03-07 23:09:29.000000000,10.298
2026-03-07 23:00:46.000000000,52.707333333333345
2026-03-07 23:56:07.000000000,13.163333333333332
2026-03-07 23:58:20.000000000,8.412999999999998
2026-03-07 23:14:45.000000000,53.809666666666665
2026-03-07 23:10:38.000000000,10.753333333333334
2026-03-07 23:58:19.000000000,26.974000000000004
2026-03-07 23:43:52.000000000,18.509333333333338
2026-03-07 23:17:22.000000000,10.055666666666669
2026-03-07 23:02:55.000000000,10.688666666666665
2026-03-07 23:33:07.000000000,20.390333333333334
2026-03-07 23:28:25.000000000,54.86666666666667
2026-03-07 23:37:42.000000000,22.103
2026-03-07 23:13:41.000000000,30.42033333333334
2026-03-07 23:55:53.000000000,25.709000000000003
2026-03-07 23:10:49.000000000,15.218333333333335
2026-03-07 23:48:20.000000000,42.48799999999999
2026-03-07 23:05:28.000000000,7.4223333333333334
2026-03-08 00:05:49.000000000,34.04999999999999
2026-03-08 00:53:51.000000000,16.86866666666667
2026-03-08 00:06:02.000000000,27.809333333333328
2026-03-08 00:06:10.000000000,15.129666666666662
2026-03-08 00:30:41.000000000,27.857000000000003
2026-03-08 00:17:29.000000000,12.972666666666665
2026-03-08 00:27:59.000000000,26.236999999999988
2026-03-08 00:06:56.000000000,17.158000000000005
2026-03-08 00:32:29.000000000,23.082999999999995
2026-03-08 00:09:45.000000000,14.862333333333332
2026-03-08 00:46:05.000000000,14.023666666666667
2026-03-08 00:45:17.000000000,8.372333333333334
2026-03-08 00:44:19.000000000,8.617666666666667
2026-03-08 00:20:02.000000000,86.47766666666669
2026-03-08 00:51:15.000000000,8.330000000000002
2026-03-08 00:42:43.000000000,46.404999999999994
2026-03-08 00:41:51.000000000,34.54166666666667
2026-03-08 00:46:56.000000000,20.974333333333334
2026-03-08 00:30:39.000000000,21.744333333333334
2026-03-08 00:38:55.000000000,29.956999999999997
2026-03-08 00:56:03.000000000,82.73266666666669
2026-03-08 00:23:17.000000000,21.418333333333333
2026-03-08 01:39:14.000000000,13.528000000000004
2026-03-08 01:51:33.000000000,23.080999999999996
2026-03-08 01:11:19.000000000,48.63733333333333
2026-03-08 01:11:05.000000000,10.175333333333331
2026-03-08 01:21:11.000000000,17.208000000000006
2026-03-08 01:22:54.000000000,23.78566666666666
2026-03-08 01:29:37.000000000,33.17333333333334
2026-03-08 01:13:16.000000000,55.32833333333334
2026-03-08 03:08:35.000000000,14.789999999999997
2026-03-08 03:47:33.000000000,13.954666666666665
2026-03-08 03:17:46.000000000,44.66466666666668
2026-03-08 03:06:34.000000000,58.919000000000004
2026-03-08 03:06:28.000000000,15.949666666666666
2026-03-08 03:33:22.000000000,22.900666666666666
2026-03-08 03:52:25.000000000,15.234666666666667
2026-03-08 03:19:26.000000000,19.783333333333335
2026-03-08 03:08:08.000000000,59.882999999999996
2026-03-08 03:11:30.000000000,23.839333333333325
2026-03-08 03:05:23.000000000,46.86633333333332
2026-03-08 03:41:19.000000000,42.369
2026-03-08 03:46:20.000000000,11.562000000000003
2026-03-08 03:09:26.000000000,87.48666666666668
2026-03-08 03:52:12.000000000,25.954000000000004
2026-03-08 03:33:22.000000000,65.87533333333333
2026-03-08 03:17:43.000000000,10.733333333333338
2026-03-08 04:02:39.000000000,21.369666666666664
2026-03-08 04:02:34.000000000,20.71933333333333
2026-03-08 04:03:49.000000000,58.56266666666669
2026-03-08 04:39:23.000000000,11.807333333333334
2026-03-08 04:19:02.000000000,45.43599999999999
2026-03-08 04:04:02.000000000,33.04933333333334
2026-03-08 04:10:32.000000000,16.775999999999996
2026-03-08 04:53:17.000000000,12.530666666666667
2026-03-08 04:00:13.000000000,67.20100000000001
2026-03-08 04:44:39.000000000,66.96866666666666
2026-03-08 05:52:51.000000000,29.60133333333334
2026-03-08 05:56:03.000000000,29.717333333333332
2026-03-08 05:50:16.000000000,10.761000000000001
2026-03-08 05:11:58.000000000,54.74600000000001
2026-03-08 05:06:04.000000000,53.92966666666667
2026-03-08 05:52:37.000000000,33.489
2026-03-08 06:53:43.000000000,32.611333333333334
2026-03-08 06:21:14.000000000,17.934
2026-03-08 06:32:58.000000000,12.229333333333336
2026-03-08 06:39:08.000000000,8.435
2026-03-08 06:50:13.000000000,25.324000000000005
2026-03-08 06:47:23.000000000,40.779
2026-03-08 06:56:53.000000000,14.326666666666666
2026-03-08 06:24:45.000000000,21.68033333333333
2026-03-08 06:31:39.000000000,100.48
2026-03-08 06:47:01.000000000,10.69066666666667
2026-03-08 06:04:51.000000000,70.90266666666665
2026-03-08 07:45:38.000000000,15.06233333333333
2026-03-08 07:01:14.000000000,15.148666666666664
2026-03-08 07:54:03.000000000,19.886000000000003
2026-03-08 07:48:28.000000000,9.836000000000002
2026-03-08 07:49:08.000000000,76.998
2026-03-08 07:05:23.000000000,10.466333333333333
2026-03-08 07:10:33.000000000,43.057333333333325
2026-03-08 07:50:40.000000000,12.660333333333334
2026-03-08 08:40:53.000000000,16.610333333333333
2026-03-08 08:23:10.000000000,15.437333333333333
2026-03-08 08:42:33.000000000,38.82366666666666
2026-03-08 08:01:08.000000000,7.987
2026-03-08 08:13:22.000000000,17.279333333333334
2026-03-08 08:49:47.000000000,39.62333333333334
2026-03-08 08:54:37.000000000,24.38366666666667
2026-03-08 08:07:39.000000000,14.421333333333326
2026-03-08 09:28:58.000000000,16.59833333333334
2026-03-08 09:13:06.000000000,16.13
2026-03-08 09:50:22.000000000,11.351
2026-03-08 09:13:35.000000000,19.034000000000002
2026-03-08 09:15:12.000000000,8.82333333333333
2026-03-08 09:58:04.000000000,19.54233333333334
2026-03-08 09:27:45.000000000,11.83566666666667
2026-03-08 09:51:01.000000000,25.61533333333334
2026-03-08 09:22:48.000000000,23.984666666666676
2026-03-08 09:41:44.000000000,18.448999999999998
2026-03-08 09:54:39.000000000,11.625
2026-03-08 09:14:47.000000000,36.565333333333335
2026-03-08 09:16:22.000000000,11.258666666666668
2026-03-08 09:44:16.000000000,13.178333333333333
2026-03-08 09:19:53.000000000,10.547666666666665
2026-03-08 09:53:29.000000000,7.9526666666666666
2026-03-08 09:15:49.000000000,16.858333333333334
2026-03-08 09:12:16.000000000,15.016666666666667
2026-03-08 10:00:45.000000000,31.109333333333336
2026-03-08 10:40:06.000000000,15.609333333333327
2026-03-08 10:14:26.000000000,12.100999999999999
2026-03-08 10:05:26.000000000,9.409999999999998
2026-03-08 10:40:11.000000000,8.008666666666668
2026-03-08 10:12:18.000000000,64.33966666666666
2026-03-08 10:21:27.000000000,13.414000000000005
2026-03-08 10:00:12.000000000,7.594
2026-03-08 10:51:01.000000000,23.950333333333333
2026-03-08 10:58:22.000000000,72.663
2026-03-08 10:21:21.000000000,35.26033333333334
2026-03-08 10:23:32.000000000,17.735000000000003
2026-03-08 10:06:08.000000000,17.869666666666664
2026-03-08 10:55:13.000000000,12.773666666666665
2026-03-08 10:27:25.000000000,19.502666666666673
2026-03-08 10:33:05.000000000,14.661666666666669
2026-03-08 10:13:44.000000000,27.767333333333326
2026-03-08 10:58:42.000000000,23.012999999999995
2026-03-08 11:06:25.000000000,15.49633333333333
2026-03-08 11:46:41.000000000,32.793
2026-03-08 11:04:19.000000000,12.524666666666667
2026-03-08 11:02:30.000000000,45.250666666666675
2026-03-08 11:09:23.000000000,7.8116666666666665
2026-03-08 11:25:01.000000000,42.99433333333334
2026-03-08 11:02:14.000000000,11.457333333333333
2026-03-08 11:32:39.000000000,32.621666666666655
2026-03-08 11:03:54.000000000,44.757
2026-03-08 11:42:19.000000000,27.369333333333334
2026-03-08 11:14:58.000000000,12.573
2026-03-08 11:03:20.000000000,7.964666666666667
2026-03-08 11:25:26.000000000,17.854666666666667
2026-03-08 11:56:32.000000000,14.954999999999995
2026-03-08 11:53:34.000000000,8.116000000000001
2026-03-08 11:43:47.000000000,8.937666666666667
2026-03-08 11:53:13.000000000,8.463333333333331
2026-03-08 11:45:25.000000000,11.437999999999995
2026-03-08 11:16:26.000000000,32.71433333333334
2026-03-08 11:57:12.000000000,11.031
2026-03-08 12:15:20.000000000,8.82933333333333
2026-03-08 12:14:23.000000000,21.41166666666667
2026-03-08 12:08:55.000000000,29.28433333333333
2026-03-08 12:53:00.000000000,14.831666666666667
2026-03-08 12:42:08.000000000,23.31866666666667
2026-03-08 12:41:21.000000000,34.98299999999999
2026-03-08 12:15:56.000000000,71.60333333333332
2026-03-08 12:15:52.000000000,45.48966666666665
2026-03-08 12:09:25.000000000,60.99666666666666
2026-03-08 12:05:50.000000000,30.053
2026-03-08 12:55:07.000000000,15.407333333333334
2026-03-08 12:31:40.000000000,14.310666666666668
2026-03-08 12:17:34.000000000,67.04166666666669
2026-03-08 12:08:07.000000000,40.799666666666674
2026-03-08 12:58:58.000000000,45.14933333333334
2026-03-08 12:36:16.000000000,21.50233333333333
2026-03-08 12:26:47.000000000,45.68300000000001
2026-03-08 12:10:28.000000000,13.52966666666667
2026-03-08 13:41:25.000000000,7.548333333333332
2026-03-08 13:49:03.000000000,11.863000000000001
2026-03-08 13:03:33.000000000,13.430000000000001
2026-03-08 13:37:17.000000000,31.684333333333317
2026-03-08 13:11:39.000000000,24.832666666666675
2026-03-08 13:49:14.000000000,34.086
2026-03-08 13:34:27.000000000,27.005999999999997
2026-03-08 13:23:28.000000000,22.255333333333333
2026-03-08 13:37:00.000000000,51.812999999999995
2026-03-08 13:39:30.000000000,10.492666666666667
2026-03-08 13:30:09.000000000,11.557
2026-03-08 13:54:17.000000000,83.89699999999998
2026-03-08 13:24:16.000000000,8.715333333333337
2026-03-08 13:32:20.000000000,26.911333333333328
2026-03-08 13:17:29.000000000,5.8533333333333335
2026-03-08 13:59:03.000000000,9.217333333333334
2026-03-08 13:48:58.000000000,7.954999999999998
2026-03-08 13:37:22.000000000,28.092999999999996
2026-03-08 13:28:34.000000000,46.28066666666667
2026-03-08 13:14:23.000000000,18.421333333333337
2026-03-08 13:22:03.000000000,31.717333333333332
2026-03-08 13:45:40.000000000,19.99333333333334
2026-03-08 14:10:38.000000000,15.651000000000002
2026-03-08 14:01:15.000000000,60.612333333333346
2026-03-08 14:36:53.000000000,14.038666666666666
2026-03-08 14:12:19.000000000,22.545666666666666
2026-03-08 14:09:22.000000000,22.167666666666666
2026-03-08 14:11:54.000000000,29.546333333333337
2026-03-08 14:11:11.000000000,27.30933333333333
2026-03-08 14:13:09.000000000,27.882666666666672
2026-03-08 14:04:17.000000000,30.54200000000001
2026-03-08 14:20:50.000000000,13.748
2026-03-08 14:36:33.000000000,40.35466666666665
2026-03-08 14:04:58.000000000,28.64
2026-03-08 15:24:00.000000000,38.68
2026-03-08 15:03:44.000000000,7.765
2026-03-08 15:23:30.000000000,28.628666666666664
2026-03-08 15:33:20.000000000,23.444999999999997
2026-03-08 15:17:24.000000000,30.221999999999998
2026-03-08 15:01:24.000000000,58.54333333333336
2026-03-08 15:23:37.000000000,12.303
2026-03-08 15:21:18.000000000,6.587333333333333
2026-03-08 15:08:00.000000000,11.293666666666667
2026-03-08 15:53:56.000000000,50.04233333333333
2026-03-08 15:31:12.000000000,20.930000000000007
2026-03-08 15:13:01.000000000,59.841999999999985
2026-03-08 15:42:11.000000000,55.917333333333325
2026-03-08 15:32:43.000000000,15.062999999999999
2026-03-08 15:35:03.000000000,13.656999999999995
2026-03-08 15:44:53.000000000,56.65966666666666
2026-03-08 16:01:24.000000000,16.729333333333333
2026-03-08 16:54:17.000000000,12.778999999999998
2026-03-08 16:53:28.000000000,184.01733333333337
2026-03-08 16:19:52.000000000,9.836666666666664
2026-03-08 16:48:17.000000000,36.31633333333333
2026-03-08 16:39:30.000000000,9.867666666666668
2026-03-08 16:37:44.000000000,31.41266666666666
2026-03-08 16:25:31.000000000,10.123
2026-03-08 16:20:32.000000000,28.849333333333337
2026-03-08 16:40:34.000000000,11.659333333333336
2026-03-08 16:46:13.000000000,47.106000000000016
2026-03-08 16:11:15.000000000,30.62466666666667
2026-03-08 16:48:58.000000000,110.26366666666664
2026-03-08 16:48:21.000000000,56.293
2026-03-08 17:14:50.000000000,9.255666666666666
2026-03-08 17:22:48.000000000,11.33266666666667
2026-03-08 17:57:52.000000000,15.929333333333341
2026-03-08 17:08:30.000000000,29.68633333333333
2026-03-08 17:47:14.000000000,19.165666666666667
2026-03-08 17:11:05.000000000,16.017333333333333
2026-03-08 17:25:35.000000000,6.111
2026-03-08 17:58:10.000000000,73.53166666666668
2026-03-08 17:49:10.000000000,33.38633333333333
2026-03-08 17:22:29.000000000,8.717999999999998
2026-03-08 17:03:56.000000000,28.48333333333334
2026-03-08 17:14:44.000000000,16.145666666666664
2026-03-08 17:54:28.000000000,17.784666666666663
2026-03-08 17:04:48.000000000,7.997666666666666
2026-03-08 17:18:09.000000000,43.827000000000005
2026-03-08 17:03:38.000000000,98.2576666666667
2026-03-08 17:40:21.000000000,65.239
2026-03-08 17:16:05.000000000,16.93833333333333
2026-03-08 17:03:21.000000000,11.378333333333336
2026-03-08 17:31:12.000000000,10.096000000000002
2026-03-08 17:44:28.000000000,6.810666666666666
2026-03-08 17:26:45.000000000,17.618999999999993
2026-03-08 18:11:01.000000000,15.993333333333336
2026-03-08 18:55:43.000000000,13.103666666666665
2026-03-08 18:56:02.000000000,24.078333333333337
2026-03-08 18:20:51.000000000,14.205000000000004
2026-03-08 18:15:31.000000000,71.78899999999999
2026-03-08 18:15:23.000000000,25.732000000000006
2026-03-08 18:56:01.000000000,16.84733333333333
2026-03-08 18:23:37.000000000,24.577333333333335
2026-03-08 18:02:48.000000000,15.274666666666665
2026-03-08 18:33:18.000000000,34.24133333333334
2026-03-08 18:07:54.000000000,13.341333333333333
2026-03-08 18:16:15.000000000,17.964666666666673
2026-03-08 18:42:45.000000000,31.121666666666673
2026-03-08 19:01:39.000000000,15.343666666666667
2026-03-08 19:07:55.000000000,7.798666666666667
2026-03-08 19:26:49.000000000,19.917666666666673
2026-03-08 19:18:58.000000000,83.59133333333332
2026-03-08 19:53:31.000000000,14.517666666666663
2026-03-08 19:45:35.000000000,64.458
2026-03-08 19:50:12.000000000,63.98333333333334
2026-03-08 19:38:13.000000000,9.208333333333332
2026-03-08 19:27:04.000000000,25.77366666666667
2026-03-08 19:53:54.000000000,30.889999999999993
2026-03-08 19:49:07.000000000,25.679666666666662
2026-03-08 19:15:17.000000000,49.53033333333334
2026-03-08 19:55:54.000000000,26.922666666666657
2026-03-08 19:33:05.000000000,10.738666666666665
2026-03-08 20:08:17.000000000,22.62633333333333
2026-03-08 20:41:52.000000000,21.05433333333333
2026-03-08 20:16:25.000000000,18.706
2026-03-08 20:55:33.000000000,8.991000000000001
2026-03-08 20:16:55.000000000,14.338999999999997
2026-03-08 20:13:43.000000000,8.061333333333334
2026-03-08 20:19:50.000000000,21.419666666666664
2026-03-08 20:41:50.000000000,32.573333333333345
2026-03-08 20:57:55.000000000,62.53433333333333
2026-03-08 20:10:51.000000000,18.92433333333333
2026-03-08 20:08:37.000000000,25.92033333333334
2026-03-08 20:46:31.000000000,9.818666666666667
2026-03-08 20:55:38.000000000,10.550999999999998
2026-03-08 20:30:33.000000000,19.04733333333333
2026-03-08 20:20:14.000000000,21.522000000000002
2026-03-08 21:30:07.000000000,20.29466666666666
2026-03-08 21:14:41.000000000,40.37866666666666
2026-03-08 21:27:04.000000000,33.102000000000004
2026-03-08 21:51:20.000000000,17.065999999999995
2026-03-08 21:03:33.000000000,58.60100000000002
2026-03-08 21:17:54.000000000,35.18266666666666
2026-03-08 21:52:55.000000000,15.06766666666667
2026-03-08 21:16:23.000000000,16.072000000000006
2026-03-08 21:51:34.000000000,17.747999999999998
2026-03-08 21:57:20.000000000,7.00966666666667
2026-03-08 21:09:09.000000000,68.43766666666667
2026-03-08 22:24:12.000000000,47.54999999999999
2026-03-08 22:21:30.000000000,28.707000000000008
2026-03-08 22:08:28.000000000,22.481333333333332
2026-03-08 22:31:59.000000000,7.793666666666667
2026-03-08 22:14:57.000000000,38.42033333333333
2026-03-08 22:44:01.000000000,22.351666666666667
2026-03-08 22:47:50.000000000,19.872000000000003
2026-03-08 22:39:56.000000000,24.613000000000007
2026-03-08 22:19:22.000000000,20.541999999999998
2026-03-08 22:41:49.000000000,14.605999999999998
2026-03-08 22:02:49.000000000,23.85766666666666
2026-03-08 22:09:41.000000000,61.99400000000001
2026-03-08 22:01:14.000000000,12.499666666666661
2026-03-08 22:11:02.000000000,20.483666666666668
2026-03-08 22:26:12.000000000,22.06533333333334
2026-03-08 22:16:02.000000000,24.794
2026-03-08 23:07:48.000000000,12.184666666666667
2026-03-08 23:33:32.000000000,27.451666666666668
2026-03-08 23:49:40.000000000,18.685000000000002
2026-03-08 23:15:01.000000000,28.337999999999997
2026-03-08 23:20:57.000000000,12.521333333333335
2026-03-08 23:48:31.000000000,8.144666666666668
2026-03-08 23:43:02.000000000,49.19100000000001
2026-03-08 23:31:35.000000000,46.85466666666667
2026-03-08 23:01:55.000000000,23.560000000000002
2026-03-08 23:36:09.000000000,33.901666666666664
2026-03-08 23:53:46.000000000,27.536
2026-03-08 23:56:10.000000000,17.029999999999994
2026-03-08 23:51:19.000000000,20.30566666666666
2026-03-08 23:03:18.000000000,9.826333333333336
2026-03-08 23:50:24.000000000,6.867000000000002
2026-03-08 23:24:27.000000000,12.099333333333334
2026-03-09 00:50:41.000000000,39.343
2026-03-09 00:41:06.000000000,10.919333333333332
2026-03-09 00:33:14.000000000,25.584333333333337
2026-03-09 00:44:24.000000000,24.227666666666664
2026-03-09 00:03:30.000000000,63.396333333333324
2026-03-09 00:32:24.000000000,24.58133333333333
2026-03-09 00:13:31.000000000,21.72766666666667
2026-03-09 01:06:28.000000000,15.265333333333336
2026-03-09 01:11:15.000000000,39.827666666666666
2026-03-09 01:39:31.000000000,15.025000000000004
2026-03-09 02:43:04.000000000,25.923999999999996
2026-03-09 02:03:20.000000000,36.58266666666666
2026-03-09 02:34:50.000000000,19.68466666666667
2026-03-09 02:41:59.000000000,11.143666666666665
2026-03-09 02:09:32.000000000,48.97633333333332
2026-03-09 02:16:50.000000000,11.523666666666665
2026-03-09 04:32:42.000000000,24.823666666666668
2026-03-09 04:56:19.000000000,11.507
2026-03-09 04:37:22.000000000,19.806666666666665
2026-03-09 05:57:58.000000000,24.248666666666672
2026-03-09 05:53:43.000000000,24.81266666666667
2026-03-09 05:26:44.000000000,33.336
2026-03-09 05:45:00.000000000,74.21499999999999
2026-03-09 05:12:54.000000000,20.41933333333333
2026-03-09 05:28:19.000000000,9.563666666666668
2026-03-09 05:39:24.000000000,4.6049999999999995
2026-03-09 06:48:22.000000000,19.10333333333334
2026-03-09 06:46:10.000000000,29.55666666666666
2026-03-09 06:16:00.000000000,92.98133333333332
2026-03-09 06:01:06.000000000,14.923333333333334
2026-03-09 06:37:18.000000000,17.77333333333333
2026-03-09 06:43:02.000000000,99.36466666666664
2026-03-09 06:31:44.000000000,18.134
2026-03-09 06:25:46.000000000,18.177333333333333
2026-03-09 06:33:39.000000000,23.978333333333335
2026-03-09 06:47:20.000000000,19.49633333333333
2026-03-09 06:34:08.000000000,76.036
2026-03-09 06:35:46.000000000,20.532333333333337
2026-03-09 06:52:32.000000000,117.06466666666665
2026-03-09 06:20:50.000000000,38.233999999999995
2026-03-09 07:59:27.000000000,10.694999999999999
2026-03-09 07:33:33.000000000,14.877999999999998
2026-03-09 07:36:27.000000000,46.381333333333345
2026-03-09 07:14:51.000000000,65.79833333333333
2026-03-09 07:59:52.000000000,11.229666666666668
2026-03-09 07:44:02.000000000,48.59566666666665
2026-03-09 07:34:39.000000000,20.646333333333335
2026-03-09 07:30:46.000000000,13.606333333333334
2026-03-09 07:49:34.000000000,16.610666666666667
2026-03-09 07:13:26.000000000,22.457333333333334
2026-03-09 07:50:27.000000000,13.612000000000002
2026-03-09 07:51:29.000000000,20.709999999999997
2026-03-09 07:21:20.000000000,33.85300000000001
2026-03-09 07:12:05.000000000,21.731333333333335
2026-03-09 08:15:26.000000000,11.701999999999998
2026-03-09 08:44:01.000000000,20.585666666666672
2026-03-09 08:30:56.000000000,13.187000000000001
2026-03-09 08:51:18.000000000,43.004333333333335
2026-03-09 08:26:54.000000000,28.680333333333337
2026-03-09 08:41:52.000000000,37.07599999999999
2026-03-09 08:58:48.000000000,10.728000000000003
2026-03-09 08:17:13.000000000,43.51333333333334
2026-03-09 08:06:24.000000000,52.486000000000004
2026-03-09 08:25:42.000000000,8.233999999999998
2026-03-09 08:18:46.000000000,28.928333333333338
2026-03-09 08:40:00.000000000,59.03866666666668
2026-03-09 08:42:06.000000000,10.693
2026-03-09 08:58:50.000000000,17.708000000000002
2026-03-09 08:39:44.000000000,18.333000000000002
2026-03-09 08:06:35.000000000,12.621666666666666
2026-03-09 09:20:34.000000000,44.67566666666668
2026-03-09 09:53:50.000000000,18.53033333333333
2026-03-09 09:15:42.000000000,21.833333333333336
2026-03-09 09:29:35.000000000,12.502666666666666
2026-03-09 09:25:18.000000000,29.22166666666667
2026-03-09 09:44:37.000000000,9.808666666666666
2026-03-09 09:25:53.000000000,35.85466666666666
2026-03-09 09:14:59.000000000,6.147000000000002
2026-03-09 09:23:57.000000000,42.75300000000001
2026-03-09 09:15:08.000000000,16.03633333333333
2026-03-09 10:46:06.000000000,8.095333333333333
2026-03-09 10:08:23.000000000,16.25433333333334
2026-03-09 10:45:34.000000000,30.69333333333334
2026-03-09 10:37:57.000000000,11.298333333333334
2026-03-09 10:45:32.000000000,7.847
2026-03-09 10:34:21.000000000,21.662
2026-03-09 10:53:39.000000000,8.457
2026-03-09 10:41:37.000000000,11.223999999999998
2026-03-09 10:10:40.000000000,13.745333333333333
2026-03-09 10:55:10.000000000,31.751666666666672
2026-03-09 10:26:58.000000000,22.445666666666664
2026-03-09 10:03:30.000000000,7.833000000000003
2026-03-09 10:47:14.000000000,16.303666666666665
2026-03-09 11:07:26.000000000,23.413999999999998
2026-03-09 11:43:02.000000000,21.521333333333338
2026-03-09 11:28:57.000000000,40.80833333333333
2026-03-09 11:19:39.000000000,8.990666666666666
2026-03-09 11:25:12.000000000,8.152666666666667
2026-03-09 11:21:46.000000000,13.326999999999998
2026-03-09 11:00:27.000000000,10.152666666666669
2026-03-09 11:53:25.000000000,40.74933333333334
2026-03-09 11:29:31.000000000,12.099666666666668
2026-03-09 12:52:32.000000000,13.691999999999998
2026-03-09 12:49:49.000000000,7.129666666666669
2026-03-09 12:32:09.000000000,9.883000000000003
2026-03-09 12:12:36.000000000,11.527
2026-03-09 12:40:52.000000000,15.158
2026-03-09 12:09:06.000000000,67.776
2026-03-09 12:48:04.000000000,59.79666666666666
2026-03-09 12:45:04.000000000,67.676
2026-03-09 12:13:52.000000000,17.779999999999998
2026-03-09 12:53:53.000000000,19.342
2026-03-09 12:34:27.000000000,18.66033333333333
2026-03-09 12:27:23.000000000,8.442
2026-03-09 13:19:56.000000000,14.883
2026-03-09 13:39:14.000000000,39.71333333333333
2026-03-09 13:45:42.000000000,15.084666666666664
2026-03-09 13:40:39.000000000,6.7959999999999985
2026-03-09 13:20:41.000000000,16.945
2026-03-09 13:20:00.000000000,56.02033333333334
2026-03-09 13:21:51.000000000,16.369333333333334
2026-03-09 13:52:50.000000000,16.565999999999995
2026-03-09 13:07:58.000000000,16.064333333333334
2026-03-09 13:50:44.000000000,18.761333333333333
2026-03-09 13:34:56.000000000,11.579333333333333
2026-03-09 13:12:41.000000000,56.49533333333333
2026-03-09 14:38:00.000000000,32.919333333333334
2026-03-09 14:40:25.000000000,55.731666666666655
2026-03-09 14:12:27.000000000,34.00166666666667
2026-03-09 14:35:33.000000000,136.38533333333334
2026-03-09 14:15:09.000000000,14.337999999999996
2026-03-09 14:48:31.000000000,12.262
2026-03-09 14:00:17.000000000,12.543333333333331
2026-03-09 14:02:32.000000000,8.022333333333334
2026-03-09 14:02:56.000000000,16.419333333333327
2026-03-09 14:05:05.000000000,16.916666666666668
2026-03-09 14:58:22.000000000,18.96066666666667
2026-03-09 14:31:09.000000000,12.799333333333331
2026-03-09 14:02:05.000000000,12.286
2026-03-09 14:19:56.000000000,10.498666666666667
2026-03-09 15:08:54.000000000,24.632666666666672
2026-03-09 15:59:41.000000000,11.593999999999998
2026-03-09 15:22:12.000000000,8.663333333333334
2026-03-09 15:58:06.000000000,32.30933333333333
2026-03-09 15:29:59.000000000,8.169000000000002
2026-03-09 15:07:19.000000000,11.169999999999998
2026-03-09 16:37:27.000000000,31.223666666666663
2026-03-09 16:03:03.000000000,19.43566666666666
2026-03-09 16:19:34.000000000,25.107333333333333
2026-03-09 16:54:01.000000000,119.78000000000003
2026-03-09 16:45:21.000000000,17.443333333333328
2026-03-09 16:07:41.000000000,87.81999999999998
2026-03-09 16:52:17.000000000,10.706666666666669
2026-03-09 16:30:34.000000000,127.60033333333332
2026-03-09 16:51:11.000000000,36.599333333333334
2026-03-09 16:07:00.000000000,113.34833333333333
2026-03-09 16:22:26.000000000,9.083
2026-03-09 16:16:18.000000000,12.515999999999998
2026-03-09 16:30:11.000000000,67.30266666666668
2026-03-09 17:44:27.000000000,15.622000000000003
2026-03-09 17:59:58.000000000,13.79366666666667
2026-03-09 17:47:17.000000000,27.713
2026-03-09 17:38:26.000000000,20.781333333333333
2026-03-09 17:50:58.000000000,16.868000000000002
2026-03-09 17:56:31.000000000,31.683333333333334
2026-03-09 17:49:54.000000000,8.287333333333335
2026-03-09 17:22:54.000000000,14.366666666666667
2026-03-09 17:52:29.000000000,20.968666666666664
2026-03-09 17:27:43.000000000,52.18866666666665
2026-03-09 17:39:17.000000000,21.90266666666667
2026-03-09 17:25:57.000000000,118.10500000000003
2026-03-09 17:39:49.000000000,13.746999999999998
2026-03-09 17:08:15.000000000,15.332
2026-03-09 17:54:23.000000000,13.900000000000002
2026-03-09 17:47:34.000000000,11.349333333333332
2026-03-09 17:38:47.000000000,127.44966666666669
2026-03-09 17:37:06.000000000,77.26999999999998
2026-03-09 18:59:40.000000000,9.038999999999998
2026-03-09 18:48:06.000000000,15.624666666666664
2026-03-09 18:34:46.000000000,13.323666666666668
2026-03-09 18:31:40.000000000,64.63566666666664
2026-03-09 18:38:38.000000000,25.880999999999993
2026-03-09 18:46:15.000000000,62.812
2026-03-09 18:30:18.000000000,21.459666666666667
2026-03-09 18:31:01.000000000,22.72433333333333
2026-03-09 18:24:39.000000000,9.255333333333336
2026-03-09 18:29:01.000000000,53.444
2026-03-09 18:12:21.000000000,10.683000000000002
2026-03-09 18:33:15.000000000,21.455666666666666
2026-03-09 18:42:13.000000000,69.94566666666665
2026-03-09 18:58:06.000000000,23.616000000000003
2026-03-09 18:33:49.000000000,67.02466666666665
2026-03-09 18:22:20.000000000,8.845999999999998
2026-03-09 18:38:39.000000000,6.626333333333333
2026-03-09 18:10:00.000000000,7.4689999999999985
2026-03-09 18:18:46.000000000,45.71933333333333
2026-03-09 18:15:52.000000000,5.641666666666667
2026-03-09 19:40:32.000000000,30.652666666666665
2026-03-09 19:48:08.000000000,6.7426666666666675
2026-03-09 19:12:41.000000000,20.416333333333334
2026-03-09 19:33:22.000000000,47.48199999999998
2026-03-09 19:29:26.000000000,29.02066666666666
2026-03-09 19:35:45.000000000,11.296999999999997
2026-03-09 19:53:33.000000000,16.915666666666667
2026-03-09 19:31:36.000000000,43.434333333333335
2026-03-09 19:33:17.000000000,53.84333333333335
2026-03-09 20:23:34.000000000,24.591333333333335
2026-03-09 20:26:56.000000000,17.662
2026-03-09 20:54:38.000000000,9.671666666666665
2026-03-09 20:48:07.000000000,31.146999999999995
2026-03-09 20:31:51.000000000,12.267333333333335
2026-03-09 20:03:29.000000000,14.206999999999999
2026-03-09 20:17:00.000000000,26.360333333333326
2026-03-09 20:04:20.000000000,18.013333333333332
2026-03-09 20:13:01.000000000,10.536333333333337
2026-03-09 20:28:21.000000000,11.657999999999996
2026-03-09 20:32:44.000000000,23.94766666666667
2026-03-09 20:20:30.000000000,48.86
2026-03-09 20:37:04.000000000,25.006333333333338
2026-03-09 21:20:05.000000000,27.886999999999993
2026-03-09 21:06:34.000000000,18.071999999999996
2026-03-09 21:16:53.000000000,11.981333333333337
2026-03-09 21:14:49.000000000,15.611333333333334
2026-03-09 21:24:18.000000000,54.16966666666667
2026-03-09 21:03:45.000000000,91.43266666666665
2026-03-09 21:08:28.000000000,25.96533333333333
2026-03-09 21:32:29.000000000,21.926333333333332
2026-03-09 21:06:59.000000000,7.805333333333334
2026-03-09 21:43:36.000000000,9.992333333333335
2026-03-09 21:08:41.000000000,17.174333333333337
2026-03-09 21:54:08.000000000,9.105666666666666
2026-03-09 21:46:28.000000000,9.867666666666663
2026-03-09 21:06:32.000000000,46.51199999999998
2026-03-09 21:23:08.000000000,39.46633333333333
2026-03-09 21:10:43.000000000,27.881999999999994
2026-03-09 22:44:23.000000000,10.674666666666669
2026-03-09 22:05:36.000000000,12.523
2026-03-09 22:37:38.000000000,9.953333333333337
2026-03-09 22:51:59.000000000,6.724666666666667
2026-03-09 22:20:14.000000000,6.4143333333333326
2026-03-09 22:43:00.000000000,10.949999999999998
2026-03-09 22:12:28.000000000,84.20533333333333
2026-03-09 22:50:04.000000000,15.747000000000005
2026-03-09 22:10:58.000000000,20.637
2026-03-09 22:49:14.000000000,12.516666666666667
2026-03-09 23:01:34.000000000,57.790000000000006
2026-03-09 23:53:36.000000000,17.894
2026-03-09 23:44:53.000000000,50.83866666666667
2026-03-09 23:43:06.000000000,8.108333333333333
2026-03-09 23:03:43.000000000,20.059666666666665
2026-03-09 23:01:10.000000000,14.547
2026-03-09 23:54:32.000000000,8.147666666666668
2026-03-09 23:30:28.000000000,6.226666666666666
2026-03-09 23:47:52.000000000,11.344000000000003
2026-03-09 23:23:32.000000000,59.224333333333334
2026-03-09 23:20:44.000000000,24.962666666666678
2026-03-09 23:35:11.000000000,6.742999999999999
2026-03-10 00:32:56.000000000,11.735666666666669
2026-03-10 00:46:49.000000000,29.253
2026-03-10 00:18:01.000000000,44.11066666666667
2026-03-10 00:41:24.000000000,17.72833333333333
2026-03-10 00:03:08.000000000,25.327000000000005
2026-03-10 00:34:31.000000000,10.840333333333337
2026-03-10 00:52:04.000000000,15.083000000000002
2026-03-10 01:35:56.000000000,28.84333333333333
2026-03-10 02:13:37.000000000,34.60500000000001
2026-03-10 02:59:25.000000000,9.591666666666665
2026-03-10 02:17:54.000000000,68.74799999999999
2026-03-10 02:10:12.000000000,13.434
2026-03-10 02:07:49.000000000,7.113000000000001
2026-03-10 03:54:07.000000000,60.23266666666667
2026-03-10 04:32:10.000000000,35.809
2026-03-10 04:55:44.000000000,15.320333333333336
2026-03-10 06:43:06.000000000,8.968333333333334
2026-03-10 06:05:33.000000000,7.828333333333331
2026-03-10 06:18:29.000000000,47.325333333333326
2026-03-10 06:57:06.000000000,68.56633333333335
2026-03-10 06:35:33.000000000,61.38899999999999
2026-03-10 06:13:13.000000000,24.006000000000004
2026-03-10 06:37:48.000000000,29.693333333333335
2026-03-10 07:33:36.000000000,25.521999999999995
2026-03-10 07:17:09.000000000,69.78333333333333
2026-03-10 07:17:17.000000000,11.639
2026-03-10 07:22:48.000000000,9.991666666666665
2026-03-10 07:01:12.000000000,8.448666666666663
2026-03-10 07:52:14.000000000,77.87633333333332
2026-03-10 07:55:27.000000000,16.151
2026-03-10 07:40:19.000000000,83.71433333333334
2026-03-10 07:21:44.000000000,35.59066666666665
2026-03-10 07:03:00.000000000,15.270666666666667
2026-03-10 07:45:39.000000000,19.13233333333334
2026-03-10 07:29:55.000000000,97.464
2026-03-10 07:18:55.000000000,29.15033333333333
2026-03-10 07:51:41.000000000,20.339
2026-03-10 07:34:46.000000000,12.377666666666666
2026-03-10 07:48:12.000000000,26.490666666666673
2026-03-10 07:48:33.000000000,72.65366666666667
2026-03-10 07:33:08.000000000,22.51133333333333
2026-03-10 07:54:38.000000000,48.86499999999999
2026-03-10 08:48:54.000000000,74.79033333333332
2026-03-10 08:03:42.000000000,50.23866666666667
2026-03-10 08:38:49.000000000,109.09366666666665
2026-03-10 08:32:51.000000000,17.832000000000004
2026-03-10 08:40:29.000000000,19.923
2026-03-10 08:42:35.000000000,8.317333333333332
2026-03-10 08:20:09.000000000,29.72033333333333
2026-03-10 08:01:59.000000000,52.75866666666668
2026-03-10 08:09:08.000000000,52.485333333333344
2026-03-10 08:05:54.000000000,21.622666666666667
2026-03-10 08:25:45.000000000,31.09433333333333
2026-03-10 08:56:52.000000000,73.317
2026-03-10 08:23:38.000000000,59.240000000000016
2026-03-10 08:38:35.000000000,22.189666666666664
2026-03-10 08:25:28.000000000,52.401666666666664
2026-03-10 08:31:02.000000000,12.637333333333329
2026-03-10 09:49:12.000000000,10.824666666666669
2026-03-10 09:42:13.000000000,56.80733333333333
2026-03-10 09:36:41.000000000,11.390999999999998
2026-03-10 09:57:26.000000000,7.177666666666666
2026-03-10 09:29:13.000000000,10.783333333333335
2026-03-10 09:44:13.000000000,16.551
2026-03-10 09:56:06.000000000,9.032
2026-03-10 09:43:23.000000000,11.441
2026-03-10 09:43:34.000000000,39.99833333333333
2026-03-10 09:54:49.000000000,7.975333333333336
2026-03-10 09:12:51.000000000,118.41799999999999
2026-03-10 09:40:06.000000000,21.480666666666668
2026-03-10 09:16:50.000000000,15.918666666666667
2026-03-10 09:50:29.000000000,16.87133333333334
2026-03-10 09:39:21.000000000,20.482000000000003
2026-03-10 09:09:04.000000000,43.47000000000001
2026-03-10 10:07:44.000000000,11.121
2026-03-10 10:30:45.000000000,8.483666666666666
2026-03-10 10:59:58.000000000,8.041666666666668
2026-03-10 10:20:25.000000000,12.445999999999998
2026-03-10 10:42:10.000000000,26.283999999999992
2026-03-10 10:09:20.000000000,8.831999999999999
2026-03-10 10:40:43.000000000,13.946333333333333
2026-03-10 10:45:10.000000000,8.596000000000004
2026-03-10 10:42:23.000000000,27.77433333333334
2026-03-10 10:06:08.000000000,15.037
2026-03-10 10:32:04.000000000,79.45200000000001
2026-03-10 10:58:39.000000000,27.498333333333342
2026-03-10 10:29:11.000000000,21.948666666666675
2026-03-10 11:37:58.000000000,11.615666666666666
2026-03-10 11:07:57.000000000,73.687
2026-03-10 11:20:41.000000000,23.237666666666666
2026-03-10 11:05:19.000000000,12.444666666666668
2026-03-10 11:20:30.000000000,6.2170000000000005
2026-03-10 11:41:29.000000000,31.601666666666667
2026-03-10 11:51:12.000000000,41.751333333333335
2026-03-10 11:11:38.000000000,12.762666666666666
2026-03-10 11:19:31.000000000,62.98533333333332
2026-03-10 11:05:56.000000000,20.779333333333334
2026-03-10 11:14:22.000000000,41.227333333333334
2026-03-10 11:56:32.000000000,34.76266666666666
2026-03-10 11:47:32.000000000,20.016666666666662
2026-03-10 11:11:22.000000000,12.20666666666667
2026-03-10 12:01:35.000000000,13.442666666666664
2026-03-10 12:36:12.000000000,29.117000000000004
2026-03-10 12:31:10.000000000,14.323666666666666
2026-03-10 12:01:40.000000000,19.71233333333333
2026-03-10 12:35:50.000000000,21.61900000000001
2026-03-10 12:00:35.000000000,9.67066666666667
2026-03-10 12:54:37.000000000,13.74733333333333
2026-03-10 12:31:59.000000000,11.048333333333336
2026-03-10 12:48:58.000000000,10.61133333333333
2026-03-10 12:22:38.000000000,16.209
2026-03-10 12:07:36.000000000,11.610666666666665
2026-03-10 13:26:25.000000000,23.352666666666668
2026-03-10 13:31:20.000000000,11.050333333333334
2026-03-10 13:22:12.000000000,11.630333333333335
2026-03-10 13:34:48.000000000,16.124666666666666
2026-03-10 13:27:41.000000000,33.550000000000004
2026-03-10 13:22:21.000000000,34.55366666666667
2026-03-10 13:40:44.000000000,28.709333333333344
2026-03-10 13:58:29.000000000,18.81866666666667
2026-03-10 13:39:50.000000000,10.356666666666666
2026-03-10 13:31:10.000000000,13.439666666666666
2026-03-10 13:04:16.000000000,24.443666666666672
2026-03-10 13:14:57.000000000,62.731
2026-03-10 13:18:27.000000000,24.11166666666666
2026-03-10 13:46:40.000000000,31.294333333333334
2026-03-10 14:43:28.000000000,15.549666666666665
2026-03-10 14:29:28.000000000,25.797333333333345
2026-03-10 14:42:00.000000000,23.08233333333333
2026-03-10 14:07:26.000000000,44.01400000000002
2026-03-10 14:10:56.000000000,13.753000000000005
2026-03-10 14:51:44.000000000,9.187666666666667
2026-03-10 14:30:22.000000000,13.105333333333336
2026-03-10 14:30:55.000000000,38.32633333333334
2026-03-10 14:16:04.000000000,46.31000000000001
2026-03-10 14:32:05.000000000,39.87466666666667
2026-03-10 14:07:53.000000000,26.797666666666665
2026-03-10 15:26:00.000000000,9.302666666666669
2026-03-10 15:38:47.000000000,20.984333333333336
2026-03-10 15:06:34.000000000,20.741
2026-03-10 15:48:23.000000000,169.76566666666662
2026-03-10 15:46:13.000000000,20.389333333333333
2026-03-10 15:00:22.000000000,14.589999999999998
2026-03-10 15:46:54.000000000,91.133
2026-03-10 15:00:39.000000000,21.56133333333333
2026-03-10 15:44:53.000000000,29.17866666666666
2026-03-10 15:18:27.000000000,55.38066666666666
2026-03-10 15:43:42.000000000,17.729666666666663
2026-03-10 15:04:20.000000000,21.108333333333345
2026-03-10 15:50:47.000000000,33.01833333333334
2026-03-10 15:08:43.000000000,11.278333333333336
2026-03-10 15:12:06.000000000,9.159333333333333
2026-03-10 15:45:22.000000000,13.536000000000001
2026-03-10 16:24:34.000000000,28.877000000000006
2026-03-10 16:21:43.000000000,7.967
2026-03-10 16:28:16.000000000,23.993999999999996
2026-03-10 16:39:31.000000000,16.12066666666667
2026-03-10 16:08:10.000000000,5.832
2026-03-10 16:31:19.000000000,23.451333333333327
2026-03-10 16:53:12.000000000,31.09833333333334
2026-03-10 16:47:51.000000000,15.876666666666669
2026-03-10 16:00:51.000000000,73.94666666666669
2026-03-10 16:00:13.000000000,7.914
2026-03-10 16:47:40.000000000,15.17366666666667
2026-03-10 16:13:12.000000000,66.02633333333334
2026-03-10 16:55:55.000000000,31.890666666666657
2026-03-10 16:23:55.000000000,7.525333333333333
2026-03-10 17:33:06.000000000,29.286666666666672
2026-03-10 17:58:48.000000000,12.763
2026-03-10 17:14:19.000000000,13.057666666666671
2026-03-10 17:33:31.000000000,6.327333333333331
2026-03-10 17:11:09.000000000,18.665000000000006
2026-03-10 17:43:08.000000000,24.85933333333334
2026-03-10 17:09:28.000000000,67.61099999999999
2026-03-10 17:46:06.000000000,11.113666666666665
2026-03-10 17:52:54.000000000,19.37
2026-03-10 17:46:58.000000000,14.579999999999997
2026-03-10 17:38:33.000000000,19.991999999999997
2026-03-10 17:29:13.000000000,23.148000000000003
2026-03-10 17:52:29.000000000,37.76666666666667
2026-03-10 17:58:59.000000000,11.161333333333337
2026-03-10 17:59:02.000000000,11.703666666666667
2026-03-10 17:12:56.000000000,21.869999999999997
2026-03-10 17:49:25.000000000,16.69333333333333
2026-03-10 18:01:38.000000000,9.134666666666666
2026-03-10 18:24:21.000000000,39.41766666666668
2026-03-10 18:58:22.000000000,70.081
2026-03-10 18:08:18.000000000,10.807333333333334
2026-03-10 18:53:14.000000000,48.72933333333332
2026-03-10 18:59:03.000000000,59.214666666666666
2026-03-10 18:05:39.000000000,48.63999999999999
2026-03-10 18:01:54.000000000,21.44633333333333
2026-03-10 18:38:24.000000000,32.163666666666664
2026-03-10 18:24:48.000000000,66.99199999999999
2026-03-10 18:30:24.000000000,70.56199999999998
2026-03-10 18:34:05.000000000,11.468333333333332
2026-03-10 18:32:27.000000000,12.991333333333332
2026-03-10 18:53:16.000000000,20.664333333333335
2026-03-10 18:33:39.000000000,40.17600000000001
2026-03-10 18:30:32.000000000,13.792666666666662
2026-03-10 18:42:30.000000000,48.06566666666666
2026-03-10 18:05:03.000000000,77.19966666666666
2026-03-10 18:06:55.000000000,35.20433333333334
2026-03-10 18:05:47.000000000,21.12466666666667
2026-03-10 18:45:46.000000000,22.269333333333325
2026-03-10 18:41:58.000000000,24.688000000000002
2026-03-10 18:18:16.000000000,10.832999999999998
2026-03-10 19:35:32.000000000,9.068666666666667
2026-03-10 19:09:25.000000000,10.841666666666665
2026-03-10 19:23:47.000000000,19.533333333333328
2026-03-10 19:34:47.000000000,19.711333333333336
2026-03-10 19:30:37.000000000,89.75233333333333
2026-03-10 19:41:57.000000000,8.236333333333333
2026-03-10 19:16:47.000000000,16.92466666666667
2026-03-10 19:22:42.000000000,17.356999999999996
2026-03-10 19:13:18.000000000,54.85566666666668
2026-03-10 19:49:34.000000000,102.49066666666667
2026-03-10 19:14:46.000000000,28.14833333333333
2026-03-10 19:52:44.000000000,19.227
2026-03-10 19:08:15.000000000,11.438333333333333
2026-03-10 19:25:01.000000000,34.50633333333334
2026-03-10 19:11:53.000000000,106.03033333333336
2026-03-10 19:20:28.000000000,20.05466666666667
2026-03-10 19:10:36.000000000,23.679999999999993
2026-03-10 19:56:03.000000000,9.074999999999998
2026-03-10 19:21:50.000000000,34.43266666666668
2026-03-10 19:45:15.000000000,13.447333333333335
2026-03-10 19:12:50.000000000,32.660333333333334
2026-03-10 19:58:07.000000000,42.423999999999985
2026-03-10 19:15:25.000000000,8.408999999999997
2026-03-10 20:54:41.000000000,50.09999999999999
2026-03-10 20:32:58.000000000,51.149666666666675
2026-03-10 20:46:51.000000000,32.135999999999996
2026-03-10 20:48:58.000000000,23.480333333333338
2026-03-10 20:00:52.000000000,17.438666666666666
2026-03-10 20:13:13.000000000,20.812333333333335
2026-03-10 20:33:01.000000000,34.62766666666667
2026-03-10 20:41:03.000000000,19.323333333333334
2026-03-10 20:03:25.000000000,24.67233333333333
2026-03-10 20:13:45.000000000,15.941333333333336
2026-03-10 20:39:15.000000000,11.200999999999999
2026-03-10 20:42:04.000000000,49.002
2026-03-10 21:42:25.000000000,17.480333333333324
2026-03-10 21:00:44.000000000,30.23166666666667
2026-03-10 21:54:47.000000000,34.50866666666666
2026-03-10 21:33:06.000000000,59.00266666666666
2026-03-10 21:50:56.000000000,34.833000000000006
2026-03-10 21:06:41.000000000,39.82499999999998
2026-03-10 21:59:17.000000000,16.696333333333328
2026-03-10 21:22:02.000000000,55.530666666666676
2026-03-10 21:41:42.000000000,69.674
2026-03-10 21:59:42.000000000,36.05799999999999
2026-03-10 21:25:53.000000000,15.205666666666664
2026-03-10 21:19:06.000000000,9.249333333333333
2026-03-10 21:09:53.000000000,37.608666666666664
2026-03-10 21:25:03.000000000,14.720666666666668
2026-03-10 22:57:20.000000000,9.935666666666666
2026-03-10 22:46:23.000000000,8.917666666666664
2026-03-10 22:00:33.000000000,14.110666666666667
2026-03-10 22:09:47.000000000,12.52766666666667
2026-03-10 22:55:51.000000000,12.921999999999999
2026-03-10 22:03:50.000000000,118.433
2026-03-10 22:04:37.000000000,49.684999999999995
2026-03-10 22:21:17.000000000,56.05233333333334
2026-03-10 22:16:53.000000000,39.50833333333333
2026-03-10 22:17:57.000000000,43.147999999999996
2026-03-10 22:29:22.000000000,82.98399999999998
2026-03-10 23:43:01.000000000,18.87166666666667
2026-03-10 23:32:26.000000000,21.816
2026-03-10 23:46:48.000000000,12.483333333333333
2026-03-10 23:15:17.000000000,10.550999999999998
2026-03-10 23:28:54.000000000,19.848999999999993
2026-03-10 23:54:53.000000000,18.46966666666667
2026-03-10 23:31:53.000000000,61.82399999999999
2026-03-10 23:17:37.000000000,17.380666666666666
2026-03-10 23:53:09.000000000,23.04433333333333
2026-03-10 23:54:26.000000000,38.822666666666656
2026-03-10 23:38:30.000000000,25.572999999999997
2026-03-10 23:48:50.000000000,20.692333333333334
2026-03-10 23:09:49.000000000,43.406666666666666
2026-03-10 23:43:23.000000000,14.999666666666664
2026-03-10 23:03:07.000000000,11.808666666666673
2026-03-10 23:13:24.000000000,16.727
2026-03-10 23:49:14.000000000,47.76266666666667
2026-03-10 23:10:11.000000000,7.307999999999999
2026-03-11 00:41:33.000000000,24.304666666666673
2026-03-11 00:23:20.000000000,29.10133333333334
2026-03-11 00:58:25.000000000,15.922333333333334
2026-03-11 00:10:53.000000000,31.221333333333344
2026-03-11 00:42:21.000000000,38.582666666666675
2026-03-11 00:03:20.000000000,10.086666666666668
2026-03-11 01:10:06.000000000,7.128333333333332
2026-03-11 01:36:47.000000000,58.95133333333333
2026-03-11 01:26:05.000000000,16.922333333333334
2026-03-11 01:35:19.000000000,34.037333333333336
2026-03-11 01:24:27.000000000,36.678333333333335
2026-03-11 02:01:34.000000000,11.297333333333338
2026-03-11 02:58:24.000000000,8.963666666666667
2026-03-11 02:50:39.000000000,16.263666666666666
2026-03-11 02:16:32.000000000,8.433
2026-03-11 02:58:55.000000000,16.997
2026-03-11 03:11:50.000000000,5.943333333333331
2026-03-11 03:16:25.000000000,21.50333333333333
2026-03-11 04:58:50.000000000,16.00666666666667
2026-03-11 04:26:07.000000000,16.87933333333333
2026-03-11 04:34:37.000000000,26.087666666666664
2026-03-11 04:23:06.000000000,8.950999999999999
2026-03-11 04:49:27.000000000,12.538333333333336
2026-03-11 05:19:21.000000000,49.875666666666675
2026-03-11 05:53:23.000000000,56.684000000000005
2026-03-11 05:52:39.000000000,64.22400000000003
2026-03-11 05:45:31.000000000,23.249
2026-03-11 06:00:50.000000000,11.933333333333337
2026-03-11 06:42:16.000000000,13.028999999999995
2026-03-11 06:01:44.000000000,9.410333333333334
2026-03-11 06:26:38.000000000,32.18466666666667
2026-03-11 06:20:17.000000000,23.99466666666667
2026-03-11 06:42:24.000000000,9.827333333333334
2026-03-11 07:57:30.000000000,7.8853333333333335
2026-03-11 07:12:07.000000000,25.925333333333338
2026-03-11 07:58:29.000000000,10.812999999999997
2026-03-11 07:44:58.000000000,12.533999999999997
2026-03-11 07:07:28.000000000,30.194
2026-03-11 07:35:04.000000000,21.011000000000006
2026-03-11 07:53:57.000000000,24.812
2026-03-11 07:29:42.000000000,39.667333333333346
2026-03-11 07:03:49.000000000,35.81066666666666
2026-03-11 07:11:10.000000000,65.76700000000001
2026-03-11 07:45:45.000000000,16.852999999999998
2026-03-11 07:48:04.000000000,21.484
2026-03-11 07:51:11.000000000,19.629333333333328
2026-03-11 07:11:53.000000000,16.173333333333336
2026-03-11 07:21:38.000000000,33.25666666666666
2026-03-11 07:11:11.000000000,21.413999999999994
2026-03-11 07:31:02.000000000,119.05
2026-03-11 07:13:20.000000000,29.888
2026-03-11 08:11:53.000000000,80.282
2026-03-11 08:22:51.000000000,12.230666666666663
2026-03-11 08:36:44.000000000,17.793333333333337
2026-03-11 08:10:07.000000000,10.603000000000002
2026-03-11 08:36:53.000000000,101.828
2026-03-11 08:45:50.000000000,14.727333333333332
2026-03-11 08:06:24.000000000,24.819333333333336
2026-03-11 08:06:12.000000000,20.12966666666667
2026-03-11 08:55:31.000000000,22.22166666666667
2026-03-11 08:35:52.000000000,25.848333333333336
2026-03-11 08:00:35.000000000,40.731333333333346
2026-03-11 08:02:18.000000000,15.760666666666669
2026-03-11 08:48:34.000000000,99.51633333333335
2026-03-11 08:32:54.000000000,132.37300000000002
2026-03-11 08:06:53.000000000,126.29900000000002
2026-03-11 08:28:06.000000000,26.446666666666665
2026-03-11 08:26:22.000000000,14.393000000000002
2026-03-11 08:13:42.000000000,22.096333333333334
2026-03-11 08:59:38.000000000,8.168999999999999
2026-03-11 08:48:03.000000000,10.918000000000001
2026-03-11 08:26:53.000000000,89.60466666666663
2026-03-11 09:34:47.000000000,51.01299999999999
2026-03-11 09:19:36.000000000,11.079666666666666
2026-03-11 09:06:11.000000000,28.959000000000003
2026-03-11 09:49:47.000000000,66.026
2026-03-11 09:32:57.000000000,48.74766666666667
2026-03-11 09:06:31.000000000,18.549000000000003
2026-03-11 09:41:13.000000000,11.743
2026-03-11 09:33:36.000000000,19.096999999999998
2026-03-11 09:08:57.000000000,27.51166666666666
2026-03-11 09:29:36.000000000,20.265333333333338
2026-03-11 09:50:03.000000000,16.249
2026-03-11 09:02:33.000000000,20.18600000000001
2026-03-11 09:33:36.000000000,8.741000000000001
2026-03-11 09:23:38.000000000,39.683
2026-03-11 09:41:17.000000000,11.991999999999999
2026-03-11 09:42:23.000000000,76.85999999999999
2026-03-11 09:19:53.000000000,15.877000000000002
2026-03-11 09:07:51.000000000,29.674666666666663
2026-03-11 09:09:21.000000000,24.638666666666666
2026-03-11 09:13:16.000000000,22.331000000000003
2026-03-11 09:33:56.000000000,8.615666666666666
2026-03-11 09:42:18.000000000,16.62666666666667
2026-03-11 10:44:40.000000000,7.230999999999999
2026-03-11 10:18:56.000000000,38.22766666666667
2026-03-11 10:30:00.000000000,51.21966666666669
2026-03-11 10:11:09.000000000,15.534333333333329
2026-03-11 10:26:40.000000000,49.80100000000001
2026-03-11 10:23:57.000000000,10.587000000000002
2026-03-11 10:11:17.000000000,8.607333333333333
2026-03-11 10:24:52.000000000,18.714999999999996
2026-03-11 10:26:21.000000000,22.038333333333334
2026-03-11 10:16:58.000000000,13.529333333333337
2026-03-11 10:27:03.000000000,46.745333333333335
2026-03-11 10:04:23.000000000,31.088
2026-03-11 10:42:53.000000000,12.947666666666667
2026-03-11 10:34:45.000000000,19.836999999999996
2026-03-11 10:08:03.000000000,8.679999999999998
2026-03-11 10:42:45.000000000,15.532000000000002
2026-03-11 11:47:43.000000000,25.567333333333337
2026-03-11 11:10:29.000000000,13.330333333333332
2026-03-11 11:25:32.000000000,16.202
2026-03-11 11:56:16.000000000,29.020000000000003
2026-03-11 11:44:14.000000000,18.267333333333333
2026-03-11 11:06:52.000000000,28.21933333333333
2026-03-11 11:13:31.000000000,30.10233333333333
2026-03-11 11:39:09.000000000,6.828333333333333
2026-03-11 11:30:24.000000000,11.709000000000001
2026-03-11 11:51:55.000000000,86.45366666666669
2026-03-11 11:18:58.000000000,15.315666666666669
2026-03-11 11:10:25.000000000,83.205
2026-03-11 11:20:41.000000000,9.821
2026-03-11 11:51:03.000000000,10.480333333333334
2026-03-11 11:34:31.000000000,28.91233333333333
2026-03-11 11:57:37.000000000,7.199999999999999
2026-03-11 11:33:27.000000000,9.740000000000002
2026-03-11 11:47:39.000000000,20.159000000000002
2026-03-11 12:58:28.000000000,66.09999999999998
2026-03-11 12:48:25.000000000,33.623000000000005
2026-03-11 12:50:24.000000000,52.643000000000015
2026-03-11 12:17:10.000000000,11.784666666666665
2026-03-11 12:14:10.000000000,53.037666666666674
2026-03-11 12:57:15.000000000,51.61133333333334
2026-03-11 12:25:47.000000000,26.65733333333333
2026-03-11 12:15:06.000000000,18.997333333333337
2026-03-11 12:10:39.000000000,19.231
2026-03-11 12:13:15.000000000,116.54333333333332
2026-03-11 12:16:00.000000000,10.846333333333336
2026-03-11 12:37:46.000000000,168.41266666666667
2026-03-11 12:59:20.000000000,9.084666666666665
2026-03-11 12:20:17.000000000,9.558666666666669
2026-03-11 12:43:04.000000000,18.063333333333333
2026-03-11 12:59:20.000000000,11.599333333333332
2026-03-11 12:25:08.000000000,80.22499999999998
2026-03-11 12:34:09.000000000,10.827999999999998
2026-03-11 12:37:11.000000000,23.293333333333333
2026-03-11 12:40:38.000000000,17.302000000000003
2026-03-11 12:48:32.000000000,40.841333333333324
2026-03-11 12:17:56.000000000,19.266000000000002
2026-03-11 13:46:32.000000000,17.63
2026-03-11 13:41:48.000000000,12.714333333333332
2026-03-11 13:47:40.000000000,11.441333333333331
2026-03-11 13:14:19.000000000,8.047666666666668
2026-03-11 13:37:17.000000000,14.293666666666665
2026-03-11 13:38:43.000000000,18.31166666666667
2026-03-11 13:46:12.000000000,58.860333333333344
2026-03-11 13:59:11.000000000,28.63066666666666
2026-03-11 13:29:24.000000000,88.49466666666669
2026-03-11 13:11:19.000000000,34.25166666666668
2026-03-11 13:17:06.000000000,15.647999999999998
2026-03-11 13:03:12.000000000,21.073333333333334
2026-03-11 13:53:29.000000000,31.467666666666663
2026-03-11 13:07:15.000000000,24.668666666666663
2026-03-11 14:01:20.000000000,76.94466666666666
2026-03-11 14:49:55.000000000,5.880000000000001
2026-03-11 14:36:23.000000000,40.89
2026-03-11 14:48:04.000000000,18.342333333333332
2026-03-11 14:16:02.000000000,17.093
2026-03-11 14:52:17.000000000,125.76233333333337
2026-03-11 14:27:09.000000000,15.223999999999995
2026-03-11 14:52:24.000000000,19.96366666666667
2026-03-11 14:52:53.000000000,40.96366666666667
2026-03-11 14:59:53.000000000,257.2430000000001
2026-03-11 14:59:15.000000000,18.700666666666663
2026-03-11 14:42:20.000000000,16.345333333333336
2026-03-11 14:57:51.000000000,50.907999999999994
2026-03-11 14:52:19.000000000,30.450333333333337
2026-03-11 14:29:01.000000000,26.031666666666673
2026-03-11 14:36:33.000000000,96.45866666666666
2026-03-11 14:37:44.000000000,78.86
2026-03-11 15:38:49.000000000,31.13733333333333
2026-03-11 15:10:13.000000000,9.376000000000003
2026-03-11 15:20:51.000000000,5.674000000000001
2026-03-11 15:16:55.000000000,11.210333333333335
2026-03-11 15:18:21.000000000,8.028333333333334
2026-03-11 15:18:18.000000000,12.753666666666671
2026-03-11 16:09:42.000000000,10.011666666666665
2026-03-11 16:33:42.000000000,77.87499999999999
2026-03-11 16:10:00.000000000,35.075
2026-03-11 16:35:43.000000000,51.148666666666664
2026-03-11 16:56:06.000000000,13.583666666666664
2026-03-11 16:48:09.000000000,63.456999999999994
2026-03-11 16:11:31.000000000,10.717666666666668
2026-03-11 16:46:04.000000000,50.085999999999984
2026-03-11 16:44:28.000000000,9.198000000000004
2026-03-11 16:06:08.000000000,8.422999999999998
2026-03-11 16:36:04.000000000,27.469999999999995
2026-03-11 16:03:55.000000000,70.27033333333334
2026-03-11 16:38:36.000000000,17.72966666666667
2026-03-11 16:01:49.000000000,97.58500000000004
2026-03-11 17:19:57.000000000,13.581333333333337
2026-03-11 17:00:08.000000000,46.11833333333333
2026-03-11 17:28:21.000000000,41.61066666666667
2026-03-11 17:19:49.000000000,108.70366666666663
2026-03-11 17:29:46.000000000,19.42733333333333
2026-03-11 17:53:47.000000000,30.938000000000002
2026-03-11 17:09:49.000000000,19.715333333333334
2026-03-11 17:13:52.000000000,53.33233333333333
2026-03-11 17:39:28.000000000,17.087000000000003
2026-03-11 17:01:45.000000000,14.228999999999992
2026-03-11 17:32:14.000000000,48.50099999999999
2026-03-11 17:28:09.000000000,12.383666666666668
2026-03-11 17:32:59.000000000,20.305333333333333
2026-03-11 17:39:17.000000000,29.04333333333334
2026-03-11 17:49:39.000000000,13.010666666666667
2026-03-11 17:11:59.000000000,16.125999999999998
2026-03-11 17:30:58.000000000,56.383666666666656
2026-03-11 18:41:50.000000000,15.140666666666664
2026-03-11 18:12:23.000000000,9.434666666666665
2026-03-11 18:05:26.000000000,16.078333333333337
2026-03-11 18:15:39.000000000,23.215
2026-03-11 18:20:47.000000000,53.584333333333326
2026-03-11 18:07:45.000000000,33.132666666666665
2026-03-11 18:59:29.000000000,14.102000000000006
2026-03-11 18:12:31.000000000,10.594999999999999
2026-03-11 18:58:54.000000000,20.495333333333335
2026-03-11 18:30:13.000000000,92.80500000000002
2026-03-11 18:54:16.000000000,140.587
2026-03-11 18:10:49.000000000,14.258333333333333
2026-03-11 18:34:42.000000000,25.07533333333333
2026-03-11 18:02:13.000000000,15.585333333333331
2026-03-11 18:03:01.000000000,27.570999999999994
2026-03-11 19:14:18.000000000,22.06533333333333
2026-03-11 19:32:01.000000000,86.077
2026-03-11 19:35:29.000000000,57.87700000000002
2026-03-11 19:46:01.000000000,19.649999999999995
2026-03-11 19:15:11.000000000,18.025666666666666
2026-03-11 19:06:12.000000000,15.60933333333333
2026-03-11 19:17:04.000000000,10.218333333333332
2026-03-11 19:08:37.000000000,20.33
2026-03-11 19:13:26.000000000,45.00033333333334
2026-03-11 19:49:54.000000000,24.85466666666667
2026-03-11 19:23:35.000000000,25.749000000000006
2026-03-11 19:57:25.000000000,11.165000000000001
2026-03-11 19:52:49.000000000,9.894333333333337
2026-03-11 19:18:28.000000000,18.970333333333333
2026-03-11 19:00:00.000000000,27.011
2026-03-11 19:32:37.000000000,6.901666666666668
2026-03-11 19:11:00.000000000,107.51833333333333
2026-03-11 19:02:59.000000000,16.954
2026-03-11 19:19:13.000000000,51.176000000000016
2026-03-11 19:31:08.000000000,50.63933333333333
2026-03-11 19:05:26.000000000,13.450333333333337
2026-03-11 19:51:14.000000000,9.148666666666665
2026-03-11 19:03:11.000000000,30.812999999999995
2026-03-11 20:11:09.000000000,26.136999999999993
2026-03-11 20:15:15.000000000,34.50599999999999
2026-03-11 20:21:48.000000000,44.777
2026-03-11 20:00:26.000000000,67.35166666666669
2026-03-11 20:27:05.000000000,5.397333333333334
2026-03-11 20:49:39.000000000,26.035000000000004
2026-03-11 20:00:28.000000000,13.095333333333333
2026-03-11 20:01:42.000000000,39.16833333333334
2026-03-11 20:21:12.000000000,103.87399999999998
2026-03-11 20:38:13.000000000,24.382000000000005
2026-03-11 20:37:42.000000000,15.459333333333332
2026-03-11 20:03:39.000000000,14.370666666666665
2026-03-11 20:13:26.000000000,6.790666666666667
2026-03-11 20:26:29.000000000,11.993333333333334
2026-03-11 20:10:23.000000000,24.64866666666666
2026-03-11 20:15:56.000000000,17.163
2026-03-11 20:07:19.000000000,134.41300000000004
2026-03-11 20:43:53.000000000,55.29933333333336
2026-03-11 20:18:51.000000000,27.721999999999998
2026-03-11 20:06:19.000000000,16.828666666666667
2026-03-11 20:52:57.000000000,48.384
2026-03-11 21:49:01.000000000,20.321
2026-03-11 21:10:59.000000000,18.39866666666667
2026-03-11 21:06:24.000000000,17.113333333333333
2026-03-11 21:30:47.000000000,18.027666666666672
2026-03-11 21:31:54.000000000,67.0326666666667
2026-03-11 21:13:34.000000000,37.43866666666666
2026-03-11 21:04:19.000000000,56.42066666666666
2026-03-11 21:26:05.000000000,8.027000000000003
2026-03-11 21:03:56.000000000,32.50066666666667
2026-03-11 21:01:37.000000000,18.39533333333333
2026-03-11 21:26:56.000000000,18.020666666666667
2026-03-11 21:48:03.000000000,10.966333333333333
2026-03-11 21:02:20.000000000,20.351000000000003
2026-03-11 21:37:14.000000000,11.944333333333335
2026-03-11 21:22:36.000000000,13.202000000000002
2026-03-11 21:34:51.000000000,10.654666666666667
2026-03-11 21:03:48.000000000,79.08233333333331
2026-03-11 21:33:55.000000000,7.595
2026-03-11 22:22:22.000000000,16.783333333333328
2026-03-11 22:53:25.000000000,6.783666666666664
2026-03-11 22:55:30.000000000,20.421333333333337
2026-03-11 22:01:48.000000000,18.507
2026-03-11 22:45:37.000000000,10.025000000000002
2026-03-11 22:26:40.000000000,40.38100000000001
2026-03-11 22:03:04.000000000,64.5736666666667
2026-03-11 22:32:23.000000000,29.884333333333334
2026-03-11 22:48:13.000000000,17.394000000000002
2026-03-11 22:45:02.000000000,34.98833333333334
2026-03-11 23:55:18.000000000,7.975666666666669
2026-03-11 23:18:03.000000000,28.888
2026-03-11 23:21:27.000000000,11.851333333333335
2026-03-11 23:11:34.000000000,21.48166666666667
2026-03-11 23:29:53.000000000,15.757666666666667
2026-03-11 23:08:51.000000000,12.395
2026-03-11 23:24:09.000000000,34.62366666666666
2026-03-11 23:11:44.000000000,23.101666666666667
2026-03-11 23:02:13.000000000,7.416333333333332
2026-03-11 23:20:38.000000000,20.177333333333333
2026-03-11 23:39:04.000000000,10.002666666666668
2026-03-11 23:10:17.000000000,47.52866666666667
2026-03-11 23:19:30.000000000,15.200333333333335
2026-03-11 23:45:24.000000000,11.633333333333335
2026-03-11 23:51:03.000000000,12.831
2026-03-11 23:30:56.000000000,15.925999999999998
2026-03-11 23:16:24.000000000,7.345666666666668
2026-03-12 00:42:24.000000000,46.163999999999994
2026-03-12 00:21:04.000000000,18.184000000000008
2026-03-12 00:08:44.000000000,25.121666666666666
2026-03-12 00:04:33.000000000,16.489333333333335
2026-03-12 00:30:07.000000000,16.809
2026-03-12 00:07:16.000000000,52.51699999999999
2026-03-12 00:10:12.000000000,40.465
2026-03-12 00:13:58.000000000,10.602666666666666
2026-03-12 00:58:53.000000000,12.883666666666667
2026-03-12 00:12:43.000000000,33.66666666666667
2026-03-12 00:01:35.000000000,5.748000000000001
2026-03-12 00:42:49.000000000,18.400333333333336
2026-03-12 00:29:38.000000000,9.82933333333333
2026-03-12 00:00:36.000000000,41.980333333333334
2026-03-12 00:27:29.000000000,10.717000000000006
2026-03-12 00:25:12.000000000,17.50166666666667
2026-03-12 00:12:13.000000000,7.1279999999999974
2026-03-12 00:15:12.000000000,9.072000000000001
2026-03-12 01:26:11.000000000,9.586666666666666
2026-03-12 01:09:03.000000000,13.996666666666664
2026-03-12 02:42:11.000000000,81.84499999999998
2026-03-12 02:42:33.000000000,20.380666666666674
2026-03-12 02:41:25.000000000,54.40433333333333
2026-03-12 03:14:57.000000000,10.886666666666665
2026-03-12 03:49:20.000000000,5.939000000000002
2026-03-12 03:03:25.000000000,15.276000000000002
2026-03-12 03:45:39.000000000,17.14533333333333
2026-03-12 03:28:42.000000000,51.93266666666667
2026-03-12 03:27:40.000000000,8.727
2026-03-12 03:48:32.000000000,29.974000000000004
2026-03-12 03:07:44.000000000,35.17033333333334
2026-03-12 03:58:16.000000000,7.944333333333334
2026-03-12 04:05:38.000000000,15.715333333333332
2026-03-12 04:37:21.000000000,6.331666666666665
2026-03-12 04:48:38.000000000,10.294666666666668
2026-03-12 04:07:42.000000000,26.28533333333333
2026-03-12 04:01:05.000000000,29.947333333333336
2026-03-12 04:28:18.000000000,61.23600000000001
2026-03-12 05:06:08.000000000,22.583000000000002
2026-03-12 05:43:24.000000000,42.328999999999986
2026-03-12 05:41:31.000000000,51.584999999999994
2026-03-12 05:18:13.000000000,26.718333333333337
2026-03-12 05:30:31.000000000,107.17199999999997
2026-03-12 05:42:11.000000000,18.314
2026-03-12 05:28:18.000000000,10.583333333333334
2026-03-12 06:44:12.000000000,7.3426666666666645
2026-03-12 06:51:44.000000000,11.606666666666667
2026-03-12 06:48:06.000000000,5.584666666666667
2026-03-12 06:28:56.000000000,58.38833333333333
2026-03-12 06:29:38.000000000,13.339666666666668
2026-03-12 06:43:36.000000000,15.249666666666666
2026-03-12 06:48:58.000000000,10.441666666666668
2026-03-12 06:38:13.000000000,18.741999999999997
2026-03-12 06:07:24.000000000,4.756
2026-03-12 06:18:10.000000000,40.38866666666667
2026-03-12 06:07:57.000000000,16.981999999999996
2026-03-12 07:56:27.000000000,6.747000000000001
2026-03-12 07:12:36.000000000,8.812666666666665
2026-03-12 07:52:39.000000000,10.084666666666667
2026-03-12 07:58:22.000000000,36.22266666666667
2026-03-12 07:34:03.000000000,10.995000000000001
2026-03-12 07:16:44.000000000,21.258333333333336
2026-03-12 07:29:44.000000000,62.893333333333345
2026-03-12 07:10:09.000000000,35.27933333333335
2026-03-12 07:05:58.000000000,89.19933333333331
2026-03-12 07:37:02.000000000,33.66566666666667
2026-03-12 07:44:32.000000000,24.185333333333332
2026-03-12 07:27:07.000000000,34.58166666666668
2026-03-12 07:34:20.000000000,20.36166666666667
2026-03-12 07:14:15.000000000,68.19633333333334
2026-03-12 07:02:27.000000000,32.64366666666667
2026-03-12 07:19:15.000000000,51.05966666666666
2026-03-12 07:07:08.000000000,14.705666666666666
2026-03-12 07:20:41.000000000,14.282666666666668
2026-03-12 07:38:06.000000000,16.861333333333334
2026-03-12 07:12:36.000000000,116.05499999999999
2026-03-12 08:28:10.000000000,10.510666666666667
2026-03-12 08:44:14.000000000,8.941333333333334
2026-03-12 08:01:11.000000000,18.68
2026-03-12 08:52:56.000000000,48.047333333333334
2026-03-12 08:00:11.000000000,34.813666666666656
2026-03-12 08:30:03.000000000,27.541
2026-03-12 08:42:50.000000000,45.31333333333335
2026-03-12 08:09:56.000000000,43.615000000000016
2026-03-12 08:38:05.000000000,19.343666666666667
2026-03-12 08:30:57.000000000,12.675666666666666
2026-03-12 08:40:44.000000000,6.3883333333333345
2026-03-12 08:02:42.000000000,21.41166666666667
2026-03-12 08:47:06.000000000,22.07699999999999
2026-03-12 08:44:41.000000000,34.398999999999994
2026-03-12 08:12:59.000000000,10.602666666666668
2026-03-12 08:01:52.000000000,29.800333333333338
2026-03-12 08:42:31.000000000,45.99033333333332
2026-03-12 08:37:28.000000000,20.737000000000002
2026-03-12 08:46:28.000000000,12.534666666666668
2026-03-12 08:28:14.000000000,16.202
2026-03-12 08:08:08.000000000,51.08733333333332
2026-03-12 08:41:41.000000000,26.41366666666666
2026-03-12 08:48:40.000000000,29.610666666666663
2026-03-12 09:34:48.000000000,29.02533333333333
2026-03-12 09:44:59.000000000,8.540666666666663
2026-03-12 09:48:15.000000000,15.859333333333334
2026-03-12 09:22:25.000000000,45.02233333333333
2026-03-12 09:25:42.000000000,26.632666666666662
2026-03-12 09:15:26.000000000,15.633000000000001
2026-03-12 09:06:29.000000000,10.002666666666668
2026-03-12 09:00:58.000000000,21.298333333333336
2026-03-12 09:48:41.000000000,29.229333333333336
2026-03-12 09:01:24.000000000,26.616999999999994
2026-03-12 09:14:46.000000000,38.402666666666654
2026-03-12 09:51:44.000000000,19.437
2026-03-12 09:07:44.000000000,7.84
2026-03-12 09:23:16.000000000,28.91
2026-03-12 09:37:31.000000000,21.63533333333334
2026-03-12 09:05:55.000000000,106.23066666666669
2026-03-12 09:16:11.000000000,38.29099999999999
2026-03-12 09:37:33.000000000,26.49066666666666
2026-03-12 09:43:12.000000000,18.41433333333333
2026-03-12 09:59:52.000000000,7.7416666666666645
2026-03-12 09:28:04.000000000,10.828666666666665
2026-03-12 09:19:51.000000000,35.29366666666667
2026-03-12 09:41:16.000000000,7.447
2026-03-12 09:45:22.000000000,14.433666666666669
2026-03-12 09:06:22.000000000,13.708333333333332
2026-03-12 09:21:15.000000000,28.487333333333343
2026-03-12 10:06:38.000000000,72.184
2026-03-12 10:07:56.000000000,18.90966666666667
2026-03-12 10:33:44.000000000,50.264666666666685
2026-03-12 10:35:31.000000000,8.695333333333334
2026-03-12 10:51:08.000000000,21.375999999999998
2026-03-12 10:34:14.000000000,12.610333333333333
2026-03-12 10:06:36.000000000,26.937666666666665
2026-03-12 10:21:08.000000000,80.01100000000001
2026-03-12 10:10:13.000000000,33.37566666666667
2026-03-12 10:34:17.000000000,17.756000000000004
2026-03-12 10:15:57.000000000,11.475
2026-03-12 10:55:05.000000000,30.019999999999996
2026-03-12 11:41:32.000000000,60.166999999999994
2026-03-12 11:58:19.000000000,17.29
2026-03-12 11:11:18.000000000,19.606666666666666
2026-03-12 11:40:32.000000000,6.2716666666666665
2026-03-12 11:10:40.000000000,48.91533333333334
2026-03-12 11:06:51.000000000,8.066666666666668
2026-03-12 11:28:03.000000000,5.761
2026-03-12 11:44:09.000000000,12.214666666666666
2026-03-12 11:41:12.000000000,29.02166666666667
2026-03-12 11:00:05.000000000,18.493000000000006
2026-03-12 11:36:11.000000000,19.16233333333334
2026-03-12 11:08:23.000000000,29.560666666666666
2026-03-12 11:36:44.000000000,16.532333333333334
2026-03-12 11:10:59.000000000,17.276333333333337
2026-03-12 11:43:02.000000000,10.741999999999999
2026-03-12 11:42:22.000000000,33.417
2026-03-12 11:39:35.000000000,25.853
2026-03-12 12:12:23.000000000,8.030999999999999
2026-03-12 12:10:04.000000000,7.834999999999999
2026-03-12 12:53:12.000000000,22.171000000000003
2026-03-12 12:02:08.000000000,15.898
2026-03-12 12:52:01.000000000,69.76633333333332
2026-03-12 12:16:08.000000000,50.10366666666667
2026-03-12 12:46:28.000000000,16.82366666666666
2026-03-12 12:54:30.000000000,17.747333333333334
2026-03-12 12:55:25.000000000,33.62133333333334
2026-03-12 12:12:48.000000000,14.334666666666667
2026-03-12 12:05:39.000000000,83.19766666666669
2026-03-12 12:43:12.000000000,27.06666666666666
2026-03-12 12:14:56.000000000,11.209000000000001
2026-03-12 12:01:56.000000000,31.23233333333333
2026-03-12 12:05:47.000000000,109.10033333333334
2026-03-12 12:13:37.000000000,19.086333333333336
2026-03-12 13:02:28.000000000,139.3183333333333
2026-03-12 13:44:24.000000000,63.76133333333333
2026-03-12 13:40:00.000000000,21.353666666666665
2026-03-12 13:13:41.000000000,19.278666666666666
2026-03-12 13:08:32.000000000,30.774000000000004
2026-03-12 13:56:14.000000000,41.86866666666667
2026-03-12 13:09:43.000000000,72.11
2026-03-12 13:47:57.000000000,12.327999999999998
2026-03-12 13:49:34.000000000,13.362333333333334
2026-03-12 13:51:08.000000000,10.573000000000004
2026-03-12 13:32:56.000000000,12.329666666666665
2026-03-12 13:56:31.000000000,15.057999999999993
2026-03-12 13:03:19.000000000,9.981666666666667
2026-03-12 13:11:37.000000000,8.777333333333333
2026-03-12 13:41:50.000000000,30.478333333333342
2026-03-12 14:07:38.000000000,45.52933333333332
2026-03-12 14:16:27.000000000,5.478
2026-03-12 14:46:38.000000000,68.13166666666667
2026-03-12 14:59:46.000000000,27.524333333333335
2026-03-12 14:09:51.000000000,8.376
2026-03-12 14:00:55.000000000,107.96366666666668
2026-03-12 14:27:53.000000000,43.52299999999999
2026-03-12 14:18:34.000000000,15.976333333333333
2026-03-12 14:18:40.000000000,9.277
2026-03-12 14:47:15.000000000,5.825333333333333
2026-03-12 14:20:40.000000000,13.888
2026-03-12 14:42:46.000000000,57.02766666666667
2026-03-12 14:12:24.000000000,7.683999999999999
2026-03-12 14:19:13.000000000,61.70766666666666
2026-03-12 14:42:53.000000000,7.688666666666669
2026-03-12 14:57:11.000000000,68.97866666666668
2026-03-12 14:43:17.000000000,13.312333333333331
2026-03-12 14:45:04.000000000,10.780666666666667
2026-03-12 14:43:39.000000000,8.424
2026-03-12 14:05:40.000000000,23.65
2026-03-12 14:49:00.000000000,20.500666666666667
2026-03-12 14:29:51.000000000,24.474
2026-03-12 14:01:30.000000000,12.892666666666667
2026-03-12 14:39:23.000000000,28.490999999999996
2026-03-12 14:31:07.000000000,26.69466666666666
2026-03-12 14:43:03.000000000,18.946666666666665
2026-03-12 14:08:13.000000000,31.638333333333335
2026-03-12 14:23:00.000000000,19.28033333333334
2026-03-12 15:41:23.000000000,20.116333333333337
2026-03-12 15:17:08.000000000,48.50199999999999
2026-03-12 15:44:36.000000000,9.055666666666667
2026-03-12 15:00:42.000000000,24.339333333333332
2026-03-12 15:20:14.000000000,28.284666666666663
2026-03-12 15:42:22.000000000,11.978000000000002
2026-03-12 15:08:22.000000000,18.289
2026-03-12 15:05:25.000000000,42.050000000000004
2026-03-12 15:49:14.000000000,11.129333333333337
2026-03-12 15:15:09.000000000,13.765666666666668
2026-03-12 15:29:11.000000000,14.057666666666666
2026-03-12 15:21:48.000000000,34.86133333333335
2026-03-12 15:34:01.000000000,8.677666666666665
2026-03-12 15:40:40.000000000,55.01400000000002
2026-03-12 16:07:40.000000000,19.662666666666667
2026-03-12 16:13:17.000000000,7.598333333333334
2026-03-12 16:28:48.000000000,44.54066666666667
2026-03-12 16:11:55.000000000,37.541666666666664
2026-03-12 16:50:02.000000000,19.409000000000002
2026-03-12 16:07:51.000000000,10.003000000000002
2026-03-12 16:53:10.000000000,7.131333333333331
2026-03-12 16:37:41.000000000,17.674666666666667
2026-03-12 16:06:11.000000000,10.353333333333333
2026-03-12 16:36:24.000000000,20.65333333333334
2026-03-12 16:53:54.000000000,13.007666666666662
2026-03-12 16:38:02.000000000,10.627333333333333
2026-03-12 16:55:40.000000000,20.494666666666664
2026-03-12 16:12:34.000000000,7.954333333333334
2026-03-12 16:41:02.000000000,7.952333333333334
2026-03-12 16:26:19.000000000,10.760333333333334
2026-03-12 16:18:43.000000000,16.685
2026-03-12 16:29:04.000000000,27.11866666666667
2026-03-12 16:52:43.000000000,14.582666666666665
2026-03-12 16:33:45.000000000,14.094666666666667
2026-03-12 16:08:23.000000000,34.04866666666667
2026-03-12 16:10:25.000000000,159.3196666666667
2026-03-12 16:24:53.000000000,15.214000000000002
2026-03-12 16:10:06.000000000,12.35233333333333
2026-03-12 16:19:22.000000000,32.89733333333334
2026-03-12 17:37:53.000000000,10.668000000000001
2026-03-12 17:33:22.000000000,55.495333333333335
2026-03-12 17:36:34.000000000,53.053
2026-03-12 17:32:01.000000000,144.886
2026-03-12 17:04:03.000000000,12.969666666666663
2026-03-12 17:40:29.000000000,55.46866666666667
2026-03-12 17:15:04.000000000,27.229666666666677
2026-03-12 17:36:15.000000000,31.82966666666667
2026-03-12 17:24:48.000000000,32.733999999999995
2026-03-12 17:04:35.000000000,19.381999999999998
2026-03-12 17:15:54.000000000,29.790000000000003
2026-03-12 17:13:58.000000000,18.151
2026-03-12 17:48:27.000000000,21.692333333333334
2026-03-12 17:01:09.000000000,127.22166666666666
2026-03-12 17:41:32.000000000,13.609666666666667
2026-03-12 17:24:16.000000000,63.00633333333334
2026-03-12 17:39:06.000000000,24.841666666666672
2026-03-12 17:14:05.000000000,56.62266666666667
2026-03-12 17:36:45.000000000,13.71866666666667
2026-03-12 17:43:42.000000000,9.460666666666667
2026-03-12 17:10:48.000000000,53.172333333333334
2026-03-12 17:17:25.000000000,17.336666666666662
2026-03-12 17:39:17.000000000,32.42033333333334
2026-03-12 18:51:58.000000000,26.20966666666666
2026-03-12 18:40:26.000000000,27.995333333333335
2026-03-12 18:22:15.000000000,22.468999999999994
2026-03-12 18:02:32.000000000,26.798333333333336
2026-03-12 18:02:33.000000000,32.96166666666667
2026-03-12 18:09:04.000000000,10.984333333333334
2026-03-12 18:45:10.000000000,19.058000000000003
2026-03-12 18:32:53.000000000,8.548333333333334
2026-03-12 18:10:46.000000000,15.15333333333333
2026-03-12 18:58:00.000000000,15.658000000000003
2026-03-12 18:51:51.000000000,16.788
2026-03-12 18:49:19.000000000,40.70866666666666
2026-03-12 18:16:55.000000000,40.40666666666666
2026-03-12 18:35:59.000000000,9.358333333333336
2026-03-12 18:40:47.000000000,10.646000000000003
2026-03-12 18:33:52.000000000,8.630000000000003
2026-03-12 18:35:30.000000000,12.591333333333333
2026-03-12 18:16:35.000000000,22.276666666666674
2026-03-12 18:12:43.000000000,18.011666666666663
2026-03-12 18:01:56.000000000,23.526000000000003
2026-03-12 18:05:42.000000000,7.375333333333333
2026-03-12 18:08:48.000000000,12.950999999999995
2026-03-12 18:55:50.000000000,22.135333333333328
2026-03-12 19:32:12.000000000,18.588666666666665
2026-03-12 19:28:09.000000000,31.293333333333337
2026-03-12 19:16:52.000000000,32.44433333333333
2026-03-12 19:42:22.000000000,20.635333333333335
2026-03-12 19:49:25.000000000,36.189
2026-03-12 19:58:28.000000000,7.4756666666666645
2026-03-12 19:03:27.000000000,27.54833333333333
2026-03-12 19:14:48.000000000,34.18766666666667
2026-03-12 19:12:00.000000000,25.720666666666663
2026-03-12 19:10:53.000000000,25.903
2026-03-12 19:47:07.000000000,36.40933333333333
2026-03-12 19:05:03.000000000,12.592666666666664
2026-03-12 19:57:21.000000000,11.584666666666665
2026-03-12 19:29:16.000000000,23.544666666666664
2026-03-12 19:42:16.000000000,29.862666666666666
2026-03-12 19:36:28.000000000,13.457666666666666
2026-03-12 19:52:21.000000000,12.318666666666667
2026-03-12 19:23:49.000000000,19.666666666666668
2026-03-12 19:18:29.000000000,9.590000000000002
2026-03-12 19:44:07.000000000,14.277333333333333
2026-03-12 19:00:18.000000000,65.183
2026-03-12 19:25:58.000000000,8.130666666666666
2026-03-12 19:39:02.000000000,127.76199999999999
2026-03-12 19:41:40.000000000,75.09833333333333
2026-03-12 19:58:47.000000000,61.22799999999998
2026-03-12 19:17:43.000000000,13.896000000000003
2026-03-12 19:39:24.000000000,17.508333333333333
2026-03-12 19:15:02.000000000,37.53133333333333
2026-03-12 20:10:26.000000000,14.63233333333333
2026-03-12 20:09:28.000000000,28.169666666666668
2026-03-12 20:15:24.000000000,7.568999999999999
2026-03-12 20:43:12.000000000,19.971666666666668
2026-03-12 20:28:10.000000000,44.65666666666666
2026-03-12 20:48:45.000000000,55.22166666666668
2026-03-12 20:39:25.000000000,17.145
2026-03-12 20:30:16.000000000,10.083333333333334
2026-03-12 20:55:45.000000000,9.088999999999999
2026-03-12 20:53:26.000000000,8.770333333333332
2026-03-12 20:32:35.000000000,7.568999999999999
2026-03-12 20:36:23.000000000,52.748999999999995
2026-03-12 20:06:21.000000000,19.987000000000002
2026-03-12 20:35:14.000000000,67.07633333333335
2026-03-12 20:44:40.000000000,42.50699999999999
2026-03-12 20:05:12.000000000,45.29433333333331
2026-03-12 20:45:38.000000000,69.99399999999999
2026-03-12 20:47:31.000000000,23.891999999999996
2026-03-12 20:31:41.000000000,10.637333333333336
2026-03-12 20:24:10.000000000,27.738333333333326
2026-03-12 21:56:06.000000000,17.663666666666668
2026-03-12 21:32:23.000000000,11.080333333333334
2026-03-12 21:48:55.000000000,34.403333333333336
2026-03-12 21:51:55.000000000,36.09799999999999
2026-03-12 21:24:48.000000000,8.951333333333338
2026-03-12 21:58:13.000000000,15.50966666666667
2026-03-12 21:55:22.000000000,13.427333333333332
2026-03-12 21:17:55.000000000,10.473333333333333
2026-03-12 21:34:17.000000000,23.593
2026-03-12 21:39:54.000000000,6.965666666666664
2026-03-12 21:12:30.000000000,24.175
2026-03-12 21:33:00.000000000,31.08566666666667
2026-03-12 21:14:38.000000000,17.030666666666665
2026-03-12 21:50:46.000000000,10.027333333333333
2026-03-12 21:58:41.000000000,10.663333333333336
2026-03-12 21:05:30.000000000,134.15566666666666
2026-03-12 21:56:50.000000000,15.419999999999998
2026-03-12 21:34:03.000000000,9.905333333333335
2026-03-12 21:19:25.000000000,57.023333333333326
2026-03-12 22:54:30.000000000,44.106333333333325
2026-03-12 22:09:46.000000000,12.829666666666668
2026-03-12 22:52:57.000000000,13.432666666666666
2026-03-12 22:56:56.000000000,39.453
2026-03-12 22:56:36.000000000,9.671666666666669
2026-03-12 22:35:55.000000000,41.93633333333334
2026-03-12 22:14:09.000000000,8.241999999999999
2026-03-12 22:22:35.000000000,46.72833333333334
2026-03-12 22:07:06.000000000,47.016333333333336
2026-03-12 22:23:01.000000000,17.101000000000003
2026-03-12 22:21:02.000000000,130.65833333333333
2026-03-12 22:05:40.000000000,66.26400000000001
2026-03-12 22:06:13.000000000,119.11866666666667
2026-03-12 22:18:23.000000000,10.147666666666664
2026-03-12 22:53:59.000000000,21.200666666666663
2026-03-12 22:36:04.000000000,20.761666666666667
2026-03-12 22:35:18.000000000,19.620333333333335
2026-03-12 22:37:51.000000000,17.742333333333338
2026-03-12 22:13:33.000000000,53.495333333333335
2026-03-12 22:44:14.000000000,20.868999999999996
2026-03-12 22:50:56.000000000,15.019666666666664
2026-03-12 23:44:18.000000000,22.555666666666664
2026-03-12 23:34:50.000000000,70.88133333333332
2026-03-12 23:24:04.000000000,12.649
2026-03-12 23:58:34.000000000,39.19066666666667
2026-03-12 23:42:34.000000000,17.619000000000003
2026-03-12 23:02:25.000000000,32.45566666666667
2026-03-12 23:04:55.000000000,6.067666666666667
2026-03-12 23:49:19.000000000,22.788999999999994
2026-03-12 23:28:39.000000000,21.148666666666657
2026-03-13 00:22:07.000000000,62.68999999999999
2026-03-13 00:17:10.000000000,26.005666666666666
2026-03-13 00:54:46.000000000,10.219666666666672
2026-03-13 00:16:50.000000000,11.679666666666664
2026-03-13 00:42:42.000000000,19.807666666666663
2026-03-13 00:51:56.000000000,12.431333333333333
2026-03-13 00:22:20.000000000,11.108666666666666
2026-03-13 00:38:17.000000000,7.067666666666668
2026-03-13 00:23:49.000000000,76.87299999999999
2026-03-13 00:22:25.000000000,36.727000000000004
2026-03-13 00:41:21.000000000,5.601333333333333
2026-03-13 01:16:13.000000000,14.06766666666667
2026-03-13 01:08:17.000000000,33.67533333333333
2026-03-13 01:49:09.000000000,11.106
2026-03-13 01:39:56.000000000,7.701
2026-03-13 01:34:41.000000000,38.14666666666666
2026-03-13 01:28:00.000000000,19.253333333333327
2026-03-13 02:42:12.000000000,40.64233333333334
2026-03-13 02:16:35.000000000,79.872
2026-03-13 02:14:24.000000000,37.827999999999996
2026-03-13 03:37:36.000000000,12.057333333333334
2026-03-13 03:43:12.000000000,18.232333333333333
2026-03-13 04:10:07.000000000,30.11733333333333
2026-03-13 04:39:20.000000000,48.116666666666674
2026-03-13 04:19:14.000000000,16.987666666666673
2026-03-13 04:28:50.000000000,49.40666666666666
2026-03-13 04:16:59.000000000,42.016333333333314
2026-03-13 04:43:18.000000000,95.60666666666663
2026-03-13 04:14:25.000000000,9.997666666666664
2026-03-13 05:34:10.000000000,117.3993333333333
2026-03-13 05:17:50.000000000,11.010999999999996
2026-03-13 05:19:57.000000000,55.166333333333334
2026-03-13 05:40:55.000000000,12.423666666666668
2026-03-13 05:32:09.000000000,44.452000000000005
2026-03-13 06:03:50.000000000,16.375333333333337
2026-03-13 06:46:55.000000000,8.911999999999997
2026-03-13 06:03:01.000000000,19.591
2026-03-13 06:50:56.000000000,74.254
2026-03-13 06:47:25.000000000,11.811000000000003
2026-03-13 07:56:30.000000000,35.39166666666667
2026-03-13 07:04:04.000000000,23.74666666666666
2026-03-13 07:39:58.000000000,12.475999999999999
2026-03-13 07:31:30.000000000,31.658333333333335
2026-03-13 07:42:03.000000000,33.40733333333334
2026-03-13 07:29:13.000000000,17.146000000000008
2026-03-13 07:15:38.000000000,27.832333333333334
2026-03-13 07:55:02.000000000,11.67
2026-03-13 07:01:16.000000000,94.92666666666669
2026-03-13 07:54:32.000000000,8.617333333333333
2026-03-13 07:13:45.000000000,20.623
2026-03-13 07:07:07.000000000,11.039333333333333
2026-03-13 07:00:03.000000000,18.54166666666667
2026-03-13 07:06:43.000000000,20.33266666666667
2026-03-13 07:25:05.000000000,10.627333333333333
2026-03-13 07:35:25.000000000,53.80166666666666
2026-03-13 08:11:50.000000000,31.196666666666665
2026-03-13 08:12:28.000000000,20.425333333333338
2026-03-13 08:35:07.000000000,29.036000000000005
2026-03-13 08:02:46.000000000,73.87266666666665
2026-03-13 08:44:24.000000000,58.92366666666667
2026-03-13 08:41:05.000000000,14.053000000000003
2026-03-13 08:03:37.000000000,18.58766666666667
2026-03-13 08:25:33.000000000,17.648666666666664
2026-03-13 08:18:27.000000000,9.614000000000003
2026-03-13 08:33:53.000000000,19.449333333333335
2026-03-13 08:28:36.000000000,16.97266666666667
2026-03-13 08:47:03.000000000,16.843999999999998
2026-03-13 08:51:00.000000000,81.93066666666667
2026-03-13 08:00:35.000000000,43.184333333333335
2026-03-13 08:20:38.000000000,9.13
2026-03-13 08:16:57.000000000,9.026666666666666
2026-03-13 08:32:00.000000000,23.673999999999996
2026-03-13 08:52:38.000000000,36.18999999999999
2026-03-13 08:00:57.000000000,15.306000000000004
2026-03-13 08:32:34.000000000,52.90000000000001
2026-03-13 08:26:29.000000000,19.897666666666662
2026-03-13 08:25:43.000000000,85.10799999999999
2026-03-13 08:03:48.000000000,33.648999999999994
2026-03-13 09:46:49.000000000,24.258666666666667
2026-03-13 09:33:31.000000000,8.380666666666666
2026-03-13 09:16:49.000000000,14.190333333333333
2026-03-13 09:00:34.000000000,7.814666666666665
2026-03-13 09:01:13.000000000,52.035666666666664
2026-03-13 09:54:33.000000000,14.68533333333333
2026-03-13 09:55:19.000000000,23.556333333333335
2026-03-13 09:41:33.000000000,9.151000000000002
2026-03-13 09:08:34.000000000,37.653333333333336
2026-03-13 09:27:51.000000000,20.124000000000002
2026-03-13 09:10:54.000000000,17.557666666666666
2026-03-13 09:06:29.000000000,11.719999999999997
2026-03-13 09:47:27.000000000,27.292666666666673
2026-03-13 10:53:00.000000000,37.12866666666667
2026-03-13 10:17:32.000000000,32.461999999999996
2026-03-13 10:26:52.000000000,8.428333333333333
2026-03-13 10:42:17.000000000,8.734999999999998
2026-03-13 10:56:31.000000000,9.173333333333334
2026-03-13 10:56:12.000000000,17.950333333333337
2026-03-13 10:25:53.000000000,11.886
2026-03-13 10:54:06.000000000,6.579999999999999
2026-03-13 10:40:58.000000000,11.813
2026-03-13 10:18:33.000000000,9.329333333333333
2026-03-13 11:44:09.000000000,16.25733333333333
2026-03-13 11:58:57.000000000,8.465333333333332
2026-03-13 11:41:21.000000000,26.260333333333328
2026-03-13 11:07:41.000000000,36.662666666666674
2026-03-13 11:35:26.000000000,65.98733333333331
2026-03-13 11:37:53.000000000,33.69633333333333
2026-03-13 11:41:00.000000000,13.469333333333331
2026-03-13 11:28:28.000000000,20.897333333333336
2026-03-13 11:16:11.000000000,10.146000000000003
2026-03-13 11:10:18.000000000,11.694333333333331
2026-03-13 11:46:03.000000000,15.82566666666667
2026-03-13 11:08:35.000000000,17.08466666666667
2026-03-13 11:50:26.000000000,24.585333333333335
2026-03-13 12:21:14.000000000,68.778
2026-03-13 12:37:22.000000000,14.221666666666671
2026-03-13 12:01:41.000000000,25.34133333333334
2026-03-13 12:20:17.000000000,105.6716666666667
2026-03-13 12:16:03.000000000,13.290333333333335
2026-03-13 12:17:40.000000000,6.454
2026-03-13 12:48:23.000000000,9.565000000000001
2026-03-13 12:10:15.000000000,15.635333333333337
2026-03-13 13:00:07.000000000,27.473333333333333
2026-03-13 13:32:19.000000000,11.354666666666667
2026-03-13 13:46:25.000000000,7.640000000000001
2026-03-13 13:31:51.000000000,16.580666666666666
2026-03-13 13:08:24.000000000,19.806333333333335
2026-03-13 13:02:56.000000000,18.000000000000004
2026-03-13 13:07:08.000000000,5.638666666666667
2026-03-13 13:05:03.000000000,33.72966666666668
2026-03-13 13:29:25.000000000,23.41166666666667
2026-03-13 13:24:52.000000000,31.634
2026-03-13 13:01:59.000000000,20.633333333333336
2026-03-13 14:11:27.000000000,21.623666666666672
2026-03-13 14:37:42.000000000,28.913666666666675
2026-03-13 14:07:15.000000000,47.89
2026-03-13 14:58:57.000000000,17.08866666666667
2026-03-13 14:15:56.000000000,6.041666666666669
2026-03-13 14:08:38.000000000,6.629666666666669
2026-03-13 14:37:22.000000000,17.956999999999997
2026-03-13 14:01:22.000000000,30.18233333333333
2026-03-13 14:51:44.000000000,70.381
2026-03-13 14:57:16.000000000,13.233333333333336
2026-03-13 14:33:11.000000000,19.789
2026-03-13 14:15:50.000000000,7.708333333333332
2026-03-13 14:59:29.000000000,383.09000000000003
2026-03-13 14:10:42.000000000,49.418
2026-03-13 14:23:34.000000000,5.535999999999999
2026-03-13 14:16:51.000000000,12.494333333333332
2026-03-13 14:42:49.000000000,28.234666666666666
2026-03-13 14:02:43.000000000,8.782333333333334
2026-03-13 15:20:01.000000000,10.259000000000002
2026-03-13 15:21:23.000000000,5.839000000000001
2026-03-13 15:05:29.000000000,25.191
2026-03-13 15:46:32.000000000,10.604333333333333
2026-03-13 15:25:21.000000000,46.58733333333332
2026-03-13 15:20:08.000000000,30.50666666666666
2026-03-13 15:12:16.000000000,36.290333333333336
2026-03-13 15:04:38.000000000,16.003999999999998
2026-03-13 15:30:08.000000000,18.906333333333336
2026-03-13 15:13:07.000000000,9.333333333333332
2026-03-13 15:19:54.000000000,19.102333333333334
2026-03-13 15:18:28.000000000,28.11400000000001
2026-03-13 15:15:07.000000000,21.30266666666667
2026-03-13 15:54:15.000000000,17.956666666666667
2026-03-13 15:17:10.000000000,15.579
2026-03-13 15:42:22.000000000,39.90599999999999
2026-03-13 15:49:19.000000000,140.40366666666668
2026-03-13 15:44:43.000000000,16.132333333333335
2026-03-13 15:43:20.000000000,20.203999999999997
2026-03-13 15:00:45.000000000,158.49533333333332
2026-03-13 15:10:22.000000000,48.85233333333334
2026-03-13 15:54:11.000000000,25.023999999999997
2026-03-13 15:38:17.000000000,10.344
2026-03-13 16:38:18.000000000,26.043333333333344
2026-03-13 16:53:15.000000000,31.55366666666667
2026-03-13 16:22:14.000000000,19.119333333333334
2026-03-13 16:55:10.000000000,16.25433333333333
2026-03-13 16:38:37.000000000,148.06
2026-03-13 16:19:03.000000000,14.629333333333335
2026-03-13 16:11:04.000000000,31.853333333333335
2026-03-13 16:09:39.000000000,9.260333333333334
2026-03-13 16:27:53.000000000,11.457333333333333
2026-03-13 16:30:29.000000000,51.014333333333326
2026-03-13 16:38:54.000000000,7.129333333333333
2026-03-13 16:37:12.000000000,130.38933333333335
2026-03-13 16:03:40.000000000,15.349999999999998
2026-03-13 16:38:09.000000000,21.931333333333335
2026-03-13 16:47:39.000000000,10.116666666666667
2026-03-13 16:01:48.000000000,32.657000000000004
2026-03-13 17:40:03.000000000,18.294666666666664
2026-03-13 17:58:18.000000000,14.289333333333335
2026-03-13 17:04:52.000000000,129.9536666666667
2026-03-13 17:25:26.000000000,43.292666666666655
2026-03-13 17:47:33.000000000,10.931000000000001
2026-03-13 17:40:17.000000000,34.04266666666668
2026-03-13 17:31:57.000000000,9.592333333333332
2026-03-13 17:30:02.000000000,27.458333333333325
2026-03-13 17:55:50.000000000,25.866333333333337
2026-03-13 17:13:59.000000000,16.95433333333333
2026-03-13 17:18:25.000000000,7.458666666666667
2026-03-13 17:37:15.000000000,14.448000000000002
2026-03-13 17:12:37.000000000,13.219
2026-03-13 17:05:40.000000000,7.8116666666666665
2026-03-13 17:40:20.000000000,14.480333333333336
2026-03-13 17:15:02.000000000,11.607333333333333
2026-03-13 17:17:28.000000000,21.073333333333334
2026-03-13 17:59:42.000000000,42.55733333333333
2026-03-13 17:33:51.000000000,48.65200000000001
2026-03-13 17:03:47.000000000,8.659
2026-03-13 17:03:18.000000000,14.838666666666667
2026-03-13 17:07:01.000000000,23.48366666666666
2026-03-13 17:17:59.000000000,46.368666666666655
2026-03-13 17:22:42.000000000,11.664999999999997
2026-03-13 17:49:03.000000000,7.969000000000004
2026-03-13 17:20:15.000000000,26.78366666666667
2026-03-13 18:03:21.000000000,11.866999999999997
2026-03-13 18:41:34.000000000,14.307666666666668
2026-03-13 18:10:51.000000000,29.746666666666666
2026-03-13 18:05:18.000000000,7.751333333333331
2026-03-13 18:39:30.000000000,49.96233333333334
2026-03-13 18:01:03.000000000,10.066000000000004
2026-03-13 18:22:29.000000000,67.32499999999999
2026-03-13 18:27:08.000000000,13.768999999999997
2026-03-13 18:55:14.000000000,8.823666666666666
2026-03-13 18:28:57.000000000,28.44033333333334
2026-03-13 18:11:24.000000000,13.961000000000002
2026-03-13 18:24:26.000000000,35.59433333333334
2026-03-13 18:38:39.000000000,10.374666666666668
2026-03-13 18:24:54.000000000,42.515666666666675
2026-03-13 18:04:07.000000000,30.06266666666667
2026-03-13 18:59:19.000000000,28.635666666666665
2026-03-13 18:19:58.000000000,22.18766666666667
2026-03-13 18:08:19.000000000,9.086
2026-03-13 19:32:21.000000000,21.73366666666666
2026-03-13 19:12:00.000000000,5.975666666666668
2026-03-13 19:13:04.000000000,79.62599999999999
2026-03-13 19:24:18.000000000,69.521
2026-03-13 19:02:56.000000000,37.227
2026-03-13 19:56:02.000000000,6.325666666666667
2026-03-13 19:15:18.000000000,26.139666666666656
2026-03-13 19:07:56.000000000,15.899666666666667
2026-03-13 19:46:53.000000000,7.929666666666666
2026-03-13 19:58:44.000000000,6.082999999999999
2026-03-13 19:32:17.000000000,40.366333333333316
2026-03-13 19:00:09.000000000,21.061666666666664
2026-03-13 19:32:46.000000000,41.949333333333335
2026-03-13 19:30:42.000000000,50.32866666666667
2026-03-13 19:33:05.000000000,31.40633333333333
2026-03-13 19:18:35.000000000,32.20733333333334
2026-03-13 19:56:18.000000000,51.77966666666666
2026-03-13 19:00:20.000000000,27.451666666666664
2026-03-13 20:59:10.000000000,6.303999999999999
2026-03-13 20:11:55.000000000,12.070333333333334
2026-03-13 20:39:29.000000000,39.413666666666686
2026-03-13 20:54:22.000000000,14.62033333333333
2026-03-13 20:56:08.000000000,8.78133333333333
2026-03-13 20:30:07.000000000,38.961999999999996
2026-03-13 20:30:01.000000000,9.085666666666667
2026-03-13 20:45:04.000000000,41.96066666666666
2026-03-13 20:17:10.000000000,17.721000000000004
2026-03-13 20:25:09.000000000,14.333
2026-03-13 20:43:14.000000000,28.278
2026-03-13 20:34:51.000000000,31.841999999999988
2026-03-13 20:02:06.000000000,23.680999999999997
2026-03-13 20:32:18.000000000,10.919
2026-03-13 20:22:14.000000000,24.162333333333343
2026-03-13 20:19:50.000000000,11.027666666666669
2026-03-13 20:23:39.000000000,31.76733333333333
2026-03-13 20:24:50.000000000,11.412999999999998
2026-03-13 20:06:12.000000000,8.445666666666668
2026-03-13 20:26:54.000000000,18.723333333333336
2026-03-13 20:08:36.000000000,15.263666666666667
2026-03-13 20:30:37.000000000,27.475333333333335
2026-03-13 20:02:05.000000000,8.15233333333333
2026-03-13 20:25:31.000000000,19.416333333333327
2026-03-13 20:58:36.000000000,10.939666666666666
2026-03-13 20:21:01.000000000,6.866
2026-03-13 20:12:03.000000000,23.98566666666666
2026-03-13 21:45:42.000000000,11.492666666666668
2026-03-13 21:46:48.000000000,26.114333333333338
2026-03-13 21:03:05.000000000,53.85166666666667
2026-03-13 21:41:00.000000000,11.098666666666666
2026-03-13 21:58:11.000000000,38.08666666666666
2026-03-13 21:19:35.000000000,7.9
2026-03-13 21:05:47.000000000,37.994666666666674
2026-03-13 21:37:54.000000000,26.13366666666667
2026-03-13 21:07:40.000000000,45.086999999999996
2026-03-13 21:12:42.000000000,28.28066666666666
2026-03-13 21:40:16.000000000,7.137999999999999
2026-03-13 21:48:37.000000000,39.49500000000001
2026-03-13 21:07:23.000000000,17.92433333333333
2026-03-13 21:31:41.000000000,9.615333333333334
2026-03-13 21:43:58.000000000,19.37066666666666
2026-03-13 21:58:14.000000000,8.025666666666668
2026-03-13 21:13:30.000000000,20.959333333333337
2026-03-13 21:38:47.000000000,9.848333333333333
2026-03-13 21:07:20.000000000,111.184
2026-03-13 21:23:48.000000000,10.615999999999998
2026-03-13 21:41:37.000000000,9.014666666666667
2026-03-13 21:19:02.000000000,10.054333333333336
2026-03-13 22:23:00.000000000,28.49833333333333
2026-03-13 22:31:30.000000000,30.345333333333336
2026-03-13 22:08:37.000000000,72.58766666666666
2026-03-13 22:35:36.000000000,18.514000000000003
2026-03-13 22:38:07.000000000,31.209666666666667
2026-03-13 22:55:42.000000000,25.634
2026-03-13 22:07:14.000000000,12.750999999999998
2026-03-13 22:57:06.000000000,16.458000000000006
2026-03-13 22:17:15.000000000,9.07333333333333
2026-03-13 22:23:02.000000000,11.404
2026-03-13 22:44:41.000000000,10.885666666666664
2026-03-13 22:01:02.000000000,10.65466666666667
2026-03-13 22:48:12.000000000,11.063333333333334
2026-03-13 22:58:12.000000000,13.690333333333331
2026-03-13 22:04:47.000000000,45.965
2026-03-13 22:45:50.000000000,53.355999999999995
2026-03-13 22:43:45.000000000,27.600666666666665
2026-03-13 22:41:27.000000000,35.14166666666667
2026-03-13 22:28:44.000000000,28.41866666666666
2026-03-13 22:22:04.000000000,8.816
2026-03-13 22:36:50.000000000,10.856666666666664
2026-03-13 22:55:21.000000000,14.982999999999997
2026-03-13 22:20:28.000000000,41.35666666666667
2026-03-13 22:26:43.000000000,46.96333333333334
2026-03-13 22:54:06.000000000,39.23233333333334
2026-03-13 23:32:01.000000000,20.170666666666662
2026-03-13 23:34:38.000000000,20.69366666666667
2026-03-13 23:21:29.000000000,10.41766666666667
2026-03-13 23:00:17.000000000,13.448000000000002
2026-03-13 23:44:20.000000000,8.719999999999999
2026-03-13 23:02:56.000000000,19.644666666666662
2026-03-13 23:45:28.000000000,15.503666666666668
2026-03-13 23:34:22.000000000,24.631000000000007
2026-03-13 23:53:59.000000000,20.76300000000001
2026-03-13 23:07:08.000000000,38.446333333333335
2026-03-13 23:45:50.000000000,20.41766666666667
2026-03-13 23:09:40.000000000,10.309999999999997
2026-03-13 23:40:01.000000000,8.075000000000001
2026-03-14 00:18:31.000000000,20.096666666666668
2026-03-14 00:35:55.000000000,42.45433333333334
2026-03-14 00:21:17.000000000,20.98933333333333
2026-03-14 00:25:54.000000000,26.907999999999994
2026-03-14 00:58:52.000000000,8.525000000000002
2026-03-14 00:45:38.000000000,9.808
2026-03-14 00:09:17.000000000,9.27266666666667
2026-03-14 00:20:40.000000000,14.396000000000004
2026-03-14 00:50:37.000000000,13.355
2026-03-14 00:21:17.000000000,60.11600000000001
2026-03-14 00:23:29.000000000,47.93033333333334
2026-03-14 00:25:19.000000000,25.804666666666655
2026-03-14 00:15:30.000000000,16.142333333333333
2026-03-14 00:13:49.000000000,81.55766666666666
2026-03-14 00:42:31.000000000,41.59666666666668
2026-03-14 00:07:07.000000000,19.688
2026-03-14 00:54:57.000000000,23.437333333333335
2026-03-14 00:43:25.000000000,10.680333333333339
2026-03-14 00:36:33.000000000,38.538
2026-03-14 00:25:59.000000000,19.506666666666668
2026-03-14 00:02:34.000000000,13.50133333333333
2026-03-14 00:49:22.000000000,19.498666666666665
2026-03-14 01:27:15.000000000,28.214333333333332
2026-03-14 01:41:55.000000000,22.02533333333333
2026-03-14 01:38:33.000000000,16.281
2026-03-14 01:06:49.000000000,13.685666666666664
2026-03-14 01:11:49.000000000,18.773666666666664
2026-03-14 01:40:57.000000000,14.770666666666667
2026-03-14 01:34:13.000000000,42.12133333333333
2026-03-14 01:04:27.000000000,21.06733333333333
2026-03-14 01:01:31.000000000,22.55233333333333
2026-03-14 01:19:24.000000000,37.704333333333345
2026-03-14 01:20:41.000000000,15.069666666666668
2026-03-14 01:16:14.000000000,21.777000000000005
2026-03-14 01:32:28.000000000,22.415
2026-03-14 01:33:41.000000000,17.504
2026-03-14 01:08:05.000000000,18.76633333333333
2026-03-14 01:38:47.000000000,26.608
2026-03-14 01:22:45.000000000,29.205
2026-03-14 01:48:16.000000000,28.32866666666667
2026-03-14 02:23:22.000000000,14.252666666666668
2026-03-14 02:12:04.000000000,12.765666666666666
2026-03-14 02:34:12.000000000,22.70833333333334
2026-03-14 02:32:32.000000000,47.24399999999999
2026-03-14 02:50:02.000000000,12.322666666666668
2026-03-14 02:05:53.000000000,14.829000000000002
2026-03-14 02:26:30.000000000,25.675666666666668
2026-03-14 02:25:18.000000000,17.688666666666666
2026-03-14 03:25:27.000000000,10.639666666666667
2026-03-14 03:10:24.000000000,30.644666666666662
2026-03-14 03:36:10.000000000,10.799666666666667
2026-03-14 03:38:44.000000000,28.530333333333335
2026-03-14 03:14:14.000000000,17.750333333333334
2026-03-14 03:51:23.000000000,30.091666666666676
2026-03-14 03:36:19.000000000,21.401
2026-03-14 03:44:48.000000000,16.40933333333333
2026-03-14 03:09:27.000000000,17.259999999999998
2026-03-14 03:11:14.000000000,9.122333333333334
2026-03-14 03:44:48.000000000,32.91466666666666
2026-03-14 03:13:08.000000000,12.505
2026-03-14 03:23:29.000000000,16.924333333333333
2026-03-14 03:46:00.000000000,18.382999999999996
2026-03-14 04:51:03.000000000,154.3296666666667
2026-03-14 04:04:44.000000000,15.042666666666666
2026-03-14 04:37:18.000000000,11.543999999999999
2026-03-14 04:24:42.000000000,91.96000000000002
2026-03-14 04:01:38.000000000,77.90566666666669
2026-03-14 05:51:08.000000000,36.312999999999995
2026-03-14 05:20:23.000000000,20.18666666666666
2026-03-14 05:08:10.000000000,8.865
2026-03-14 05:33:59.000000000,30.64766666666667
2026-03-14 05:10:23.000000000,9.115
2026-03-14 05:56:49.000000000,111.05666666666666
2026-03-14 05:40:03.000000000,11.565000000000001
2026-03-14 06:49:45.000000000,10.193333333333333
2026-03-14 06:01:56.000000000,19.702999999999996
2026-03-14 06:07:17.000000000,18.621333333333336
2026-03-14 06:13:45.000000000,5.380000000000001
2026-03-14 06:14:43.000000000,32.01733333333334
2026-03-14 07:11:57.000000000,19.881333333333334
2026-03-14 07:32:23.000000000,40.698
2026-03-14 07:52:27.000000000,20.15633333333334
2026-03-14 07:20:15.000000000,39.2
2026-03-14 07:25:54.000000000,8.963333333333333
2026-03-14 07:23:02.000000000,52.097
2026-03-14 07:31:20.000000000,18.670666666666666
2026-03-14 07:49:29.000000000,22.571999999999996
2026-03-14 07:59:32.000000000,45.53433333333334
2026-03-14 07:35:27.000000000,22.276666666666657
2026-03-14 07:16:21.000000000,66.60666666666668
2026-03-14 07:17:31.000000000,42.68666666666669
2026-03-14 07:12:24.000000000,13.521333333333333
2026-03-14 08:26:16.000000000,10.906666666666666
2026-03-14 08:32:35.000000000,13.38466666666667
2026-03-14 08:46:18.000000000,15.270666666666667
2026-03-14 08:23:29.000000000,12.401666666666664
2026-03-14 08:56:14.000000000,6.757000000000001
2026-03-14 08:33:49.000000000,52.62233333333333
2026-03-14 08:51:33.000000000,24.488333333333333
2026-03-14 08:58:53.000000000,7.062666666666667
2026-03-14 08:11:07.000000000,20.161000000000005
2026-03-14 08:21:29.000000000,16.654666666666664
2026-03-14 08:35:59.000000000,14.810666666666664
2026-03-14 08:34:26.000000000,20.86766666666667
2026-03-14 08:40:27.000000000,19.971666666666668
2026-03-14 09:41:26.000000000,33.51166666666666
2026-03-14 09:53:28.000000000,10.011333333333333
2026-03-14 09:51:08.000000000,14.384666666666666
2026-03-14 09:21:27.000000000,11.770999999999999
2026-03-14 09:50:16.000000000,16.750666666666664
2026-03-14 09:49:46.000000000,37.69733333333332
2026-03-14 09:36:48.000000000,27.32133333333334
2026-03-14 09:40:11.000000000,24.222666666666665
2026-03-14 09:27:07.000000000,14.907333333333332
2026-03-14 09:00:03.000000000,8.423333333333332
2026-03-14 09:35:57.000000000,54.67233333333334
2026-03-14 09:29:06.000000000,26.276666666666674
2026-03-14 09:26:43.000000000,21.459333333333333
2026-03-14 09:45:16.000000000,22.058
2026-03-14 09:39:34.000000000,29.694333333333336
2026-03-14 09:43:21.000000000,13.827000000000002
2026-03-14 09:12:29.000000000,11.355999999999998
2026-03-14 09:11:45.000000000,13.950333333333331
2026-03-14 09:13:13.000000000,9.803666666666668
2026-03-14 10:47:09.000000000,7.143999999999999
2026-03-14 10:01:45.000000000,12.20633333333333
2026-03-14 10:12:22.000000000,6.538666666666668
2026-03-14 10:17:12.000000000,13.430666666666669
2026-03-14 10:42:38.000000000,8.925666666666666
2026-03-14 10:54:53.000000000,17.303333333333335
2026-03-14 10:23:06.000000000,33.34566666666666
2026-03-14 10:08:26.000000000,14.518333333333334
2026-03-14 10:18:53.000000000,68.25333333333333
2026-03-14 10:24:56.000000000,8.460666666666667
2026-03-14 10:20:49.000000000,8.776000000000003
2026-03-14 11:19:28.000000000,8.88
2026-03-14 11:31:35.000000000,58.71600000000001
2026-03-14 11:46:27.000000000,32.27666666666667
2026-03-14 11:33:23.000000000,10.398999999999997
2026-03-14 11:42:46.000000000,20.800333333333338
2026-03-14 11:49:51.000000000,15.093999999999998
2026-03-14 11:47:55.000000000,17.292333333333332
2026-03-14 11:33:29.000000000,7.464
2026-03-14 11:48:50.000000000,16.025
2026-03-14 11:55:52.000000000,16.949
2026-03-14 12:28:24.000000000,13.415000000000003
2026-03-14 12:16:04.000000000,13.892333333333333
2026-03-14 12:33:04.000000000,17.413666666666668
2026-03-14 12:06:57.000000000,36.05666666666666
2026-03-14 12:27:36.000000000,14.761333333333337
2026-03-14 12:00:54.000000000,30.089333333333332
2026-03-14 12:32:03.000000000,22.793
2026-03-14 12:38:24.000000000,27.170333333333335
2026-03-14 12:44:57.000000000,12.893999999999998
2026-03-14 12:31:45.000000000,44.303999999999995
2026-03-14 12:37:45.000000000,20.228333333333335
2026-03-14 12:55:08.000000000,6.223333333333332
2026-03-14 12:56:30.000000000,60.24700000000002
2026-03-14 12:21:29.000000000,12.78966666666667
2026-03-14 13:03:49.000000000,6.944666666666667
2026-03-14 13:20:10.000000000,22.83533333333333
2026-03-14 13:23:09.000000000,11.512999999999998
2026-03-14 13:38:40.000000000,7.8646666666666665
2026-03-14 13:58:11.000000000,55.716333333333345
2026-03-14 13:28:38.000000000,8.299000000000001
2026-03-14 13:50:02.000000000,40.123333333333335
2026-03-14 13:52:53.000000000,14.239333333333331
2026-03-14 13:03:49.000000000,26.87433333333333
2026-03-14 13:57:15.000000000,26.481999999999996
2026-03-14 13:36:51.000000000,25.59833333333334
2026-03-14 13:34:30.000000000,19.619333333333337
2026-03-14 13:17:10.000000000,13.088666666666665
2026-03-14 13:05:26.000000000,100.44933333333331
2026-03-14 13:33:22.000000000,16.569333333333333
2026-03-14 13:30:59.000000000,48.90800000000001
2026-03-14 13:23:38.000000000,10.506
2026-03-14 13:52:07.000000000,62.883
2026-03-14 13:10:55.000000000,17.26166666666666
2026-03-14 13:38:35.000000000,48.89499999999999
2026-03-14 13:47:22.000000000,62.46933333333333
2026-03-14 13:00:37.000000000,9.491666666666667
2026-03-14 13:58:07.000000000,139.62266666666665
2026-03-14 13:21:05.000000000,11.933333333333334
2026-03-14 13:11:44.000000000,16.761999999999997
2026-03-14 13:17:12.000000000,41.763
2026-03-14 13:18:12.000000000,11.496999999999998
2026-03-14 14:25:17.000000000,21.345999999999997
2026-03-14 14:24:28.000000000,31.896333333333338
2026-03-14 14:43:13.000000000,22.557666666666663
2026-03-14 14:37:42.000000000,17.082000000000004
2026-03-14 14:42:23.000000000,68.14266666666666
2026-03-14 14:36:50.000000000,27.63599999999999
2026-03-14 14:08:09.000000000,9.527333333333333
2026-03-14 14:34:42.000000000,49.90733333333334
2026-03-14 14:48:56.000000000,26.450000000000003
2026-03-14 14:45:05.000000000,36.28633333333333
2026-03-14 14:45:56.000000000,26.74399999999999
2026-03-14 14:17:41.000000000,24.15066666666666
2026-03-14 14:59:33.000000000,28.414666666666676
2026-03-14 14:42:10.000000000,8.067
2026-03-14 14:18:33.000000000,9.234666666666664
2026-03-14 14:35:02.000000000,58.472666666666655
2026-03-14 14:28:59.000000000,14.335
2026-03-14 14:53:26.000000000,14.881000000000004
2026-03-14 14:26:53.000000000,13.699
2026-03-14 14:55:21.000000000,18.714000000000002
2026-03-14 14:24:31.000000000,10.623666666666667
2026-03-14 15:12:43.000000000,41.32333333333334
2026-03-14 15:22:52.000000000,8.157333333333334
2026-03-14 15:34:38.000000000,7.328666666666669
2026-03-14 15:40:25.000000000,22.18466666666667
2026-03-14 15:57:25.000000000,11.953666666666667
2026-03-14 15:06:27.000000000,15.064333333333332
2026-03-14 15:19:27.000000000,52.61633333333335
2026-03-14 15:40:21.000000000,13.473000000000004
2026-03-14 15:51:18.000000000,9.08033333333333
2026-03-14 15:19:34.000000000,15.910333333333334
2026-03-14 15:21:18.000000000,18.627333333333336
2026-03-14 15:28:04.000000000,33.139333333333326
2026-03-14 15:05:48.000000000,14.929999999999998
2026-03-14 15:03:32.000000000,16.535
2026-03-14 15:56:59.000000000,27.250666666666664
2026-03-14 15:28:00.000000000,31.770333333333337
2026-03-14 15:39:59.000000000,7.896333333333333
2026-03-14 16:47:03.000000000,12.655333333333335
2026-03-14 16:30:20.000000000,11.092
2026-03-14 16:10:35.000000000,19.781999999999996
2026-03-14 16:05:11.000000000,11.06366666666667
2026-03-14 16:52:12.000000000,28.832666666666665
2026-03-14 16:50:20.000000000,22.457000000000004
2026-03-14 16:26:15.000000000,26.093666666666664
2026-03-14 16:33:37.000000000,11.096333333333336
2026-03-14 16:38:29.000000000,28.77033333333334
2026-03-14 16:41:41.000000000,13.720666666666672
2026-03-14 16:01:37.000000000,26.50633333333333
2026-03-14 16:04:08.000000000,15.30533333333333
2026-03-14 16:02:59.000000000,27.60333333333334
2026-03-14 16:26:11.000000000,16.604666666666667
2026-03-14 16:22:16.000000000,10.622666666666667
2026-03-14 16:22:09.000000000,25.365999999999996
2026-03-14 16:13:32.000000000,26.42466666666666
2026-03-14 17:14:22.000000000,46.68066666666666
2026-03-14 17:16:57.000000000,8.487999999999998
2026-03-14 17:30:33.000000000,11.874666666666664
2026-03-14 17:43:04.000000000,7.266000000000002
2026-03-14 17:15:06.000000000,24.185999999999993
2026-03-14 17:32:09.000000000,12.852
2026-03-14 17:11:58.000000000,67.23500000000001
2026-03-14 17:07:51.000000000,18.535
2026-03-14 17:24:13.000000000,50.702999999999996
2026-03-14 17:39:44.000000000,18.113999999999997
2026-03-14 17:38:22.000000000,15.840333333333332
2026-03-14 17:38:29.000000000,39.35
2026-03-14 17:35:12.000000000,11.265000000000002
2026-03-14 17:03:20.000000000,26.000666666666667
2026-03-14 17:04:13.000000000,5.957
2026-03-14 17:01:42.000000000,20.57566666666667
2026-03-14 17:10:59.000000000,17.731999999999996
2026-03-14 18:58:42.000000000,17.707333333333334
2026-03-14 18:18:22.000000000,25.005666666666666
2026-03-14 18:07:11.000000000,18.96466666666667
2026-03-14 18:34:50.000000000,42.47066666666665
2026-03-14 18:50:35.000000000,19.578999999999997
2026-03-14 18:37:37.000000000,11.033666666666665
2026-03-14 18:25:49.000000000,13.025666666666664
2026-03-14 18:58:53.000000000,62.083666666666666
2026-03-14 18:07:31.000000000,36.732333333333344
2026-03-14 18:43:03.000000000,10.759000000000002
2026-03-14 18:07:19.000000000,26.66033333333333
2026-03-14 19:36:57.000000000,45.451333333333324
2026-03-14 19:31:36.000000000,7.021666666666665
2026-03-14 19:38:29.000000000,23.684000000000005
2026-03-14 19:23:16.000000000,15.80066666666667
2026-03-14 19:47:37.000000000,24.086000000000002
2026-03-14 19:32:14.000000000,19.19433333333333
2026-03-14 19:07:39.000000000,48.076
2026-03-14 19:57:37.000000000,14.28366666666667
2026-03-14 19:13:19.000000000,24.142666666666674
2026-03-14 19:07:37.000000000,65.91433333333332
2026-03-14 19:51:52.000000000,9.048
2026-03-14 19:15:25.000000000,44.120666666666665
2026-03-14 19:38:37.000000000,38.32833333333334
2026-03-14 19:46:38.000000000,18.662
2026-03-14 19:52:55.000000000,24.02933333333333
2026-03-14 19:31:30.000000000,32.108666666666664
2026-03-14 19:22:08.000000000,7.386666666666667
2026-03-14 20:17:07.000000000,22.754
2026-03-14 20:48:16.000000000,9.693666666666669
2026-03-14 20:29:42.000000000,8.12533333333333
2026-03-14 20:32:23.000000000,22.268666666666665
2026-03-14 20:01:26.000000000,12.68666666666667
2026-03-14 20:38:38.000000000,28.266666666666673
2026-03-14 20:18:24.000000000,21.422666666666665
2026-03-14 20:35:51.000000000,32.10933333333334
2026-03-14 20:27:36.000000000,12.071666666666665
2026-03-14 20:15:48.000000000,10.68966666666667
2026-03-14 20:26:19.000000000,45.09233333333334
2026-03-14 20:05:32.000000000,36.815000000000005
2026-03-14 20:07:14.000000000,32.14800000000001
2026-03-14 20:14:40.000000000,37.27366666666668
2026-03-14 20:44:52.000000000,10.724666666666668
2026-03-14 20:59:13.000000000,23.980999999999995
2026-03-14 20:35:29.000000000,15.74066666666667
2026-03-14 20:14:45.000000000,13.749333333333338
2026-03-14 20:31:26.000000000,11.194333333333333
2026-03-14 20:50:30.000000000,20.719000000000005
2026-03-14 20:36:36.000000000,7.699000000000002
2026-03-14 20:56:34.000000000,43.29233333333334
2026-03-14 20:19:08.000000000,36.55166666666666
2026-03-14 20:52:03.000000000,25.363333333333337
2026-03-14 21:02:32.000000000,14.134666666666668
2026-03-14 21:51:47.000000000,35.41233333333333
2026-03-14 21:37:38.000000000,27.486666666666675
2026-03-14 21:52:01.000000000,44.817
2026-03-14 21:03:03.000000000,12.931333333333335
2026-03-14 21:21:23.000000000,5.698999999999998
2026-03-14 21:09:18.000000000,31.35166666666667
2026-03-14 21:58:22.000000000,34.22500000000001
2026-03-14 21:26:12.000000000,11.493666666666664
2026-03-14 21:56:29.000000000,55.34533333333333
2026-03-14 21:46:57.000000000,9.668333333333335
2026-03-14 21:32:09.000000000,27.04766666666666
2026-03-14 21:29:20.000000000,10.555333333333333
2026-03-14 21:49:32.000000000,27.928666666666675
2026-03-14 21:23:04.000000000,54.964333333333336
2026-03-14 21:42:35.000000000,28.02433333333333
2026-03-14 21:23:42.000000000,32.529666666666664
2026-03-14 21:18:38.000000000,16.134666666666668
2026-03-14 21:18:19.000000000,12.861
2026-03-14 21:08:51.000000000,19.427000000000003
2026-03-14 22:57:58.000000000,5.895666666666667
2026-03-14 22:19:06.000000000,18.943666666666665
2026-03-14 22:10:03.000000000,18.398
2026-03-14 22:41:53.000000000,42.477999999999994
2026-03-14 22:54:19.000000000,9.684333333333337
2026-03-14 22:28:28.000000000,13.590666666666667
2026-03-14 22:17:29.000000000,11.462999999999997
2026-03-14 22:25:47.000000000,18.53000000000001
2026-03-14 22:51:17.000000000,40.21199999999998
2026-03-14 22:18:59.000000000,16.252333333333333
2026-03-14 22:48:58.000000000,5.864666666666667
2026-03-14 22:27:00.000000000,20.437666666666665
2026-03-14 22:26:30.000000000,18.138333333333335
2026-03-14 22:41:09.000000000,44.67066666666667
2026-03-14 22:31:56.000000000,26.236
2026-03-14 22:27:42.000000000,29.642000000000007
2026-03-14 22:38:35.000000000,7.997
2026-03-14 22:54:01.000000000,59.129999999999995
2026-03-14 22:04:10.000000000,52.271
2026-03-14 23:34:40.000000000,14.194333333333333
2026-03-14 23:22:43.000000000,20.24166666666666
2026-03-14 23:03:26.000000000,100.98366666666666
2026-03-14 23:01:29.000000000,117.761
2026-03-14 23:35:45.000000000,22.200333333333337
2026-03-14 23:37:45.000000000,19.55033333333333
2026-03-14 23:39:27.000000000,149.25799999999998
2026-03-14 23:08:29.000000000,21.363666666666667
2026-03-14 23:31:22.000000000,22.049333333333333
2026-03-14 23:30:17.000000000,63.238666666666646
2026-03-14 23:37:02.000000000,10.439000000000002
2026-03-14 23:06:44.000000000,23.185333333333332
2026-03-14 23:21:34.000000000,10.347000000000001
2026-03-14 23:00:21.000000000,14.231999999999998
2026-03-14 23:03:13.000000000,6.0203333333333315
2026-03-14 23:42:23.000000000,26.58233333333333
2026-03-14 23:16:30.000000000,13.591000000000001
2026-03-14 23:37:13.000000000,17.113333333333333
2026-03-14 23:46:28.000000000,23.03966666666667
2026-03-14 23:49:22.000000000,8.229333333333333
2026-03-14 23:10:48.000000000,23.232000000000003
2026-03-15 00:00:39.000000000,15.711333333333332
2026-03-15 00:26:45.000000000,16.06866666666667
2026-03-15 00:42:40.000000000,30.10233333333333
2026-03-15 00:58:32.000000000,28.17833333333334
2026-03-15 00:14:57.000000000,34.456999999999994
2026-03-15 00:51:09.000000000,47.23733333333334
2026-03-15 00:40:03.000000000,36.01666666666667
2026-03-15 00:22:57.000000000,23.328333333333337
2026-03-15 00:51:13.000000000,11.570999999999998
2026-03-15 00:11:17.000000000,38.618
2026-03-15 00:34:31.000000000,7.1676666666666655
2026-03-15 00:45:45.000000000,39.87933333333333
2026-03-15 00:40:14.000000000,23.251666666666665
2026-03-15 00:28:10.000000000,9.924666666666665
2026-03-15 01:26:27.000000000,28.295333333333325
2026-03-15 01:18:35.000000000,11.546999999999999
2026-03-15 01:45:35.000000000,12.751333333333333
2026-03-15 01:14:09.000000000,24.251
2026-03-15 01:00:08.000000000,10.140666666666666
2026-03-15 01:06:04.000000000,26.970000000000013
2026-03-15 01:15:49.000000000,47.03433333333333
2026-03-15 01:40:19.000000000,46.52733333333334
2026-03-15 01:52:19.000000000,15.370333333333333
2026-03-15 02:09:49.000000000,13.03166666666667
2026-03-15 02:46:46.000000000,28.89166666666667
2026-03-15 02:05:25.000000000,43.537000000000006
2026-03-15 02:11:09.000000000,8.212
2026-03-15 02:17:48.000000000,36.327999999999996
2026-03-15 02:05:25.000000000,29.886000000000003
2026-03-15 02:12:04.000000000,28.672666666666668
2026-03-15 02:14:11.000000000,22.34199999999999
2026-03-15 02:51:10.000000000,9.362
2026-03-15 02:41:42.000000000,8.257666666666665
2026-03-15 02:18:30.000000000,40.49933333333334
2026-03-15 02:56:14.000000000,16.54966666666667
2026-03-15 02:42:39.000000000,49.91066666666668
2026-03-15 02:54:43.000000000,10.085999999999997
2026-03-15 03:19:37.000000000,33.57
2026-03-15 03:20:27.000000000,9.533
2026-03-15 03:46:29.000000000,16.966333333333335
2026-03-15 03:16:07.000000000,8.703333333333335
2026-03-15 03:14:45.000000000,11.162333333333333
2026-03-15 03:23:32.000000000,25.22066666666667
2026-03-15 03:01:41.000000000,15.652333333333335
2026-03-15 04:37:21.000000000,45.265333333333345
2026-03-15 04:19:25.000000000,36.56033333333335
2026-03-15 05:11:00.000000000,72.55933333333333
2026-03-15 05:15:55.000000000,50.388000000000005
2026-03-15 06:04:49.000000000,29.29200000000001
2026-03-15 06:53:08.000000000,140.6183333333333
2026-03-15 06:28:38.000000000,36.69033333333333
2026-03-15 06:21:47.000000000,24.352666666666668
2026-03-15 06:11:52.000000000,9.953000000000003
2026-03-15 06:32:17.000000000,86.05766666666666
2026-03-15 06:42:53.000000000,25.879333333333328
2026-03-15 06:39:00.000000000,31.481666666666666
2026-03-15 06:32:58.000000000,12.869666666666667
2026-03-15 06:40:33.000000000,32.58133333333333
2026-03-15 07:42:50.000000000,22.97233333333334
2026-03-15 07:39:37.000000000,19.44266666666666
2026-03-15 07:55:40.000000000,7.692666666666666
2026-03-15 08:54:54.000000000,8.370000000000001
2026-03-15 08:07:35.000000000,9.956333333333339
2026-03-15 08:39:03.000000000,28.322999999999997
2026-03-15 08:51:27.000000000,26.644
2026-03-15 08:22:54.000000000,22.054000000000006
2026-03-15 08:38:41.000000000,92.48033333333333
2026-03-15 08:16:44.000000000,15.543333333333333
2026-03-15 08:52:24.000000000,5.806333333333332
2026-03-15 08:08:49.000000000,23.591
2026-03-15 08:57:29.000000000,5.974666666666665
2026-03-15 08:59:31.000000000,12.210666666666665
2026-03-15 08:51:50.000000000,21.36766666666667
2026-03-15 08:32:34.000000000,49.180000000000014
2026-03-15 08:30:55.000000000,26.199666666666662
2026-03-15 09:55:59.000000000,7.059333333333333
2026-03-15 09:17:49.000000000,15.049666666666665
2026-03-15 09:29:22.000000000,10.414666666666665
2026-03-15 09:01:06.000000000,86.79499999999999
2026-03-15 09:47:41.000000000,15.821999999999997
2026-03-15 09:59:24.000000000,16.820333333333338
2026-03-15 09:20:43.000000000,18.850333333333335
2026-03-15 09:32:02.000000000,18.311666666666667
2026-03-15 09:03:01.000000000,14.485333333333331
2026-03-15 09:49:08.000000000,18.915333333333326
2026-03-15 09:46:57.000000000,10.655
2026-03-15 09:46:27.000000000,14.240999999999996
2026-03-15 09:10:45.000000000,21.561
2026-03-15 09:17:47.000000000,57.594333333333324
2026-03-15 09:54:40.000000000,22.089666666666666
2026-03-15 10:29:40.000000000,11.275666666666668
2026-03-15 10:31:01.000000000,12.683333333333335
2026-03-15 10:58:28.000000000,8.820666666666666
2026-03-15 10:34:16.000000000,31.412000000000003
2026-03-15 10:41:43.000000000,12.841333333333337
2026-03-15 10:50:46.000000000,15.071333333333333
2026-03-15 10:50:07.000000000,10.450666666666669
2026-03-15 10:55:07.000000000,10.874333333333333
2026-03-15 10:00:44.000000000,5.633999999999999
2026-03-15 10:38:03.000000000,15.881333333333336
2026-03-15 10:53:08.000000000,38.90233333333334
2026-03-15 10:46:03.000000000,19.791333333333334
2026-03-15 10:32:26.000000000,24.781000000000002
2026-03-15 10:38:18.000000000,10.315333333333333
2026-03-15 10:22:13.000000000,20.359333333333336
2026-03-15 11:55:48.000000000,10.827333333333334
2026-03-15 11:04:46.000000000,18.072666666666667
2026-03-15 11:26:13.000000000,72.00399999999998
2026-03-15 11:49:01.000000000,17.454999999999995
2026-03-15 11:10:06.000000000,20.049666666666667
2026-03-15 11:54:34.000000000,54.13166666666667
2026-03-15 11:11:55.000000000,49.46100000000001
2026-03-15 11:52:49.000000000,17.95133333333333
2026-03-15 11:18:47.000000000,23.22766666666666
2026-03-15 11:17:05.000000000,11.491333333333332
2026-03-15 12:03:25.000000000,10.033666666666665
2026-03-15 12:06:36.000000000,9.474333333333332
2026-03-15 12:33:27.000000000,8.036666666666669
2026-03-15 12:56:18.000000000,17.522333333333332
2026-03-15 12:03:33.000000000,32.07966666666666
2026-03-15 12:04:26.000000000,8.77
2026-03-15 12:57:18.000000000,34.47466666666667
2026-03-15 12:07:59.000000000,38.66600000000001
2026-03-15 12:49:58.000000000,14.910333333333336
2026-03-15 12:52:13.000000000,11.583333333333336
2026-03-15 12:54:37.000000000,10.026666666666666
2026-03-15 12:41:57.000000000,38.97166666666667
2026-03-15 12:26:52.000000000,15.153666666666664
2026-03-15 12:11:05.000000000,20.09
2026-03-15 12:07:17.000000000,30.86
2026-03-15 12:18:29.000000000,21.44233333333333
2026-03-15 12:59:28.000000000,20.713666666666665
2026-03-15 12:40:33.000000000,32.06000000000001
2026-03-15 13:35:40.000000000,9.703666666666665
2026-03-15 13:23:12.000000000,70.55633333333331
2026-03-15 13:45:59.000000000,152.96933333333334
2026-03-15 13:07:21.000000000,13.876666666666669
2026-03-15 13:00:04.000000000,63.965
2026-03-15 13:15:44.000000000,32.234
2026-03-15 13:09:29.000000000,11.664666666666667
2026-03-15 13:07:33.000000000,22.211666666666662
2026-03-15 13:23:57.000000000,24.933333333333337
2026-03-15 13:33:16.000000000,14.908999999999995
2026-03-15 13:50:06.000000000,12.706
2026-03-15 13:04:25.000000000,101.984
2026-03-15 13:03:15.000000000,11.642666666666662
2026-03-15 13:42:52.000000000,48.390666666666654
2026-03-15 13:33:18.000000000,40.452666666666666
2026-03-15 13:58:05.000000000,51.24366666666666
2026-03-15 13:33:30.000000000,6.410666666666667
2026-03-15 13:48:53.000000000,30.166999999999998
2026-03-15 13:29:00.000000000,18.366333333333333
2026-03-15 14:01:54.000000000,7.462333333333333
2026-03-15 14:05:36.000000000,39.89666666666667
2026-03-15 14:38:11.000000000,12.521333333333331
2026-03-15 14:28:27.000000000,25.714333333333343
2026-03-15 14:00:43.000000000,10.771666666666668
2026-03-15 14:36:24.000000000,11.597666666666667
2026-03-15 14:23:44.000000000,10.053333333333336
2026-03-15 14:23:26.000000000,11.301999999999998
2026-03-15 14:47:11.000000000,22.009333333333327
2026-03-15 14:34:23.000000000,31.57333333333333
2026-03-15 14:58:46.000000000,14.699666666666667
2026-03-15 14:29:46.000000000,14.477333333333332
2026-03-15 14:58:28.000000000,41.29699999999999
2026-03-15 14:03:00.000000000,8.657333333333334
2026-03-15 14:43:14.000000000,71.32466666666666
2026-03-15 15:06:50.000000000,12.872000000000002
2026-03-15 15:51:41.000000000,50.833666666666666
2026-03-15 15:53:40.000000000,16.67133333333334
2026-03-15 15:38:41.000000000,30.329333333333338
2026-03-15 15:19:21.000000000,9.085333333333333
2026-03-15 15:43:22.000000000,24.275333333333332
2026-03-15 15:22:27.000000000,10.164333333333332
2026-03-15 15:48:57.000000000,41.94266666666667
2026-03-15 15:20:33.000000000,15.091666666666665
2026-03-15 15:37:23.000000000,41.67033333333334
2026-03-15 15:57:16.000000000,18.199666666666666
2026-03-15 15:08:54.000000000,16.858
2026-03-15 15:08:22.000000000,29.808333333333334
2026-03-15 15:26:21.000000000,47.92200000000001
2026-03-15 15:06:11.000000000,15.140666666666668
2026-03-15 15:48:24.000000000,19.915333333333326
2026-03-15 15:44:22.000000000,12.034666666666665
2026-03-15 16:29:58.000000000,23.469666666666665
2026-03-15 16:10:38.000000000,9.573666666666664
2026-03-15 16:22:40.000000000,9.681999999999999
2026-03-15 16:15:38.000000000,17.834666666666667
2026-03-15 16:01:07.000000000,10.863
2026-03-15 16:53:48.000000000,48.72799999999999
2026-03-15 16:06:13.000000000,16.484333333333332
2026-03-15 16:50:26.000000000,10.978666666666669
2026-03-15 16:40:45.000000000,26.627666666666673
2026-03-15 16:42:17.000000000,106.494
2026-03-15 16:08:55.000000000,28.389333333333344
2026-03-15 16:50:01.000000000,64.122
2026-03-15 16:34:30.000000000,8.495000000000001
2026-03-15 16:15:14.000000000,88.71266666666665
2026-03-15 16:26:46.000000000,21.462666666666667
2026-03-15 16:53:39.000000000,21.293000000000003
2026-03-15 16:25:04.000000000,89.141
2026-03-15 17:53:03.000000000,47.67033333333333
2026-03-15 17:40:24.000000000,17.279333333333334
2026-03-15 17:36:57.000000000,10.871333333333332
2026-03-15 17:06:34.000000000,72.74499999999999
2026-03-15 17:29:22.000000000,16.926
2026-03-15 17:04:19.000000000,331.33799999999997
2026-03-15 17:46:22.000000000,10.765000000000002
2026-03-15 17:53:54.000000000,15.473
2026-03-15 17:52:22.000000000,14.526000000000005
2026-03-15 17:04:29.000000000,27.553999999999995
2026-03-15 17:31:37.000000000,27.294
2026-03-15 17:51:28.000000000,14.512
2026-03-15 17:49:22.000000000,14.627
2026-03-15 17:18:24.000000000,84.84133333333331
2026-03-15 17:22:52.000000000,21.284000000000002
2026-03-15 17:12:32.000000000,9.790333333333335
2026-03-15 18:09:51.000000000,7.472333333333333
2026-03-15 18:25:07.000000000,34.091
2026-03-15 18:37:05.000000000,11.323666666666666
2026-03-15 18:59:26.000000000,34.30733333333333
2026-03-15 18:04:57.000000000,24.603666666666673
2026-03-15 18:19:47.000000000,21.438333333333336
2026-03-15 18:19:21.000000000,7.156
2026-03-15 18:46:36.000000000,6.037333333333333
2026-03-15 18:32:30.000000000,8.404333333333334
2026-03-15 18:29:02.000000000,7.951333333333336
2026-03-15 18:37:56.000000000,17.994333333333326
2026-03-15 18:11:36.000000000,20.795
2026-03-15 18:56:25.000000000,27.79133333333333
2026-03-15 18:26:33.000000000,29.28666666666667
2026-03-15 18:16:34.000000000,18.816666666666666
2026-03-15 18:00:30.000000000,30.74966666666667
2026-03-15 18:58:10.000000000,58.132999999999996
2026-03-15 18:49:59.000000000,20.561666666666667
2026-03-15 18:21:07.000000000,17.68433333333333
2026-03-15 18:15:54.000000000,11.503333333333334
2026-03-15 18:14:21.000000000,38.45266666666666
2026-03-15 18:48:06.000000000,17.566
2026-03-15 18:32:15.000000000,25.23333333333333
2026-03-15 18:34:35.000000000,10.138333333333334
2026-03-15 19:02:02.000000000,8.990333333333334
2026-03-15 19:58:03.000000000,7.774333333333335
2026-03-15 19:39:01.000000000,58.63266666666668
2026-03-15 19:47:04.000000000,18.841333333333335
2026-03-15 19:52:03.000000000,12.31333333333333
2026-03-15 19:01:33.000000000,19.032333333333337
2026-03-15 19:12:30.000000000,61.02866666666667
2026-03-15 19:48:56.000000000,22.927333333333333
2026-03-15 19:25:05.000000000,20.453333333333337
2026-03-15 19:01:06.000000000,79.04800000000002
2026-03-15 19:24:43.000000000,24.971999999999998
2026-03-15 19:22:53.000000000,6.713666666666666
2026-03-15 19:53:22.000000000,16.35
2026-03-15 19:06:19.000000000,7.948666666666664
2026-03-15 19:52:04.000000000,49.097666666666676
2026-03-15 19:50:10.000000000,20.505333333333336
2026-03-15 19:22:56.000000000,15.576666666666663
2026-03-15 19:00:28.000000000,24.342666666666663
2026-03-15 19:53:56.000000000,25.427333333333326
2026-03-15 20:33:52.000000000,12.677000000000001
2026-03-15 20:09:08.000000000,19.499666666666663
2026-03-15 20:09:21.000000000,64.86366666666667
2026-03-15 20:19:27.000000000,35.79200000000001
2026-03-15 20:14:28.000000000,41.794000000000004
2026-03-15 20:51:09.000000000,17.738
2026-03-15 20:48:02.000000000,21.449666666666676
2026-03-15 20:39:59.000000000,8.818
2026-03-15 20:56:56.000000000,11.708
2026-03-15 20:54:30.000000000,44.042333333333325
2026-03-15 20:17:35.000000000,11.334999999999999
2026-03-15 20:18:15.000000000,9.696666666666669
2026-03-15 20:42:54.000000000,46.087
2026-03-15 20:07:10.000000000,30.967000000000002
2026-03-15 20:26:09.000000000,8.912666666666667
2026-03-15 20:02:34.000000000,14.663999999999996
2026-03-15 20:53:11.000000000,36.926
2026-03-15 21:36:11.000000000,10.182333333333332
2026-03-15 21:59:20.000000000,20.389666666666663
2026-03-15 21:11:46.000000000,62.222666666666655
2026-03-15 21:20:25.000000000,9.739333333333336
2026-03-15 21:22:54.000000000,8.296666666666669
2026-03-15 21:12:11.000000000,7.868333333333331
2026-03-15 21:26:57.000000000,8.979666666666668
2026-03-15 21:12:18.000000000,8.261666666666665
2026-03-15 21:32:23.000000000,9.825
2026-03-15 21:31:16.000000000,11.882000000000003
2026-03-15 21:12:20.000000000,18.740666666666662
2026-03-15 22:49:39.000000000,25.764333333333333
2026-03-15 22:30:38.000000000,12.211666666666668
2026-03-15 22:36:22.000000000,10.975999999999999
2026-03-15 22:49:24.000000000,20.641
2026-03-15 22:25:50.000000000,58.559666666666665
2026-03-15 22:09:19.000000000,9.45433333333333
2026-03-15 22:06:49.000000000,45.25766666666666
2026-03-15 22:04:54.000000000,29.461000000000006
2026-03-15 22:19:11.000000000,8.852666666666666
2026-03-15 22:15:48.000000000,16.390666666666664
2026-03-15 22:44:50.000000000,33.52633333333333
2026-03-15 22:46:25.000000000,13.470000000000002
2026-03-15 22:41:23.000000000,23.382666666666662
2026-03-15 23:29:35.000000000,6.074333333333336
2026-03-15 23:50:05.000000000,11.472000000000001
2026-03-15 23:59:55.000000000,16.011666666666667
2026-03-15 23:05:12.000000000,5.917
2026-03-15 23:44:47.000000000,15.996000000000002
2026-03-15 23:56:43.000000000,16.389333333333333
2026-03-15 23:49:37.000000000,20.804666666666673
2026-03-15 23:23:34.000000000,11.198333333333334
2026-03-15 23:32:45.000000000,12.204666666666663
2026-03-15 23:33:36.000000000,32.23266666666667
2026-03-15 23:04:04.000000000,25.19166666666667
2026-03-15 23:35:53.000000000,29.099333333333337
2026-03-15 23:00:46.000000000,85.98766666666664
2026-03-15 23:16:04.000000000,14.261000000000001
2026-03-15 23:21:56.000000000,9.07066666666667
2026-03-16 00:54:17.000000000,51.279999999999994
2026-03-16 00:02:40.000000000,26.353666666666673
2026-03-16 00:25:26.000000000,11.624333333333333
2026-03-16 00:20:12.000000000,17.707333333333338
2026-03-16 00:24:48.000000000,31.319666666666663
2026-03-16 00:55:47.000000000,84.34733333333334
2026-03-16 00:28:25.000000000,31.023999999999994
2026-03-16 00:40:27.000000000,13.418
2026-03-16 01:03:11.000000000,29.534333333333336
2026-03-16 01:20:04.000000000,7.864333333333333
2026-03-16 01:06:18.000000000,11.214666666666666
2026-03-16 02:17:56.000000000,14.554333333333334
2026-03-16 02:50:27.000000000,20.959666666666667
2026-03-16 02:11:42.000000000,13.718333333333334
2026-03-16 02:25:12.000000000,28.727333333333338
2026-03-16 02:27:29.000000000,10.345666666666666
2026-03-16 03:32:10.000000000,8.058666666666667
2026-03-16 03:00:39.000000000,10.945
2026-03-16 03:36:59.000000000,56.15633333333335
2026-03-16 03:08:11.000000000,39.001
2026-03-16 04:15:44.000000000,80.01966666666671
2026-03-16 05:35:03.000000000,55.39199999999998
2026-03-16 05:58:00.000000000,32.37033333333333
2026-03-16 05:07:48.000000000,102.65966666666665
2026-03-16 05:00:45.000000000,17.863999999999997
2026-03-16 05:22:22.000000000,78.62599999999998
2026-03-16 05:47:08.000000000,19.06233333333334
2026-03-16 05:02:17.000000000,54.483999999999995
2026-03-16 05:52:53.000000000,9.028999999999996
2026-03-16 06:59:19.000000000,11.242666666666667
2026-03-16 06:00:10.000000000,20.227333333333334
2026-03-16 06:58:53.000000000,20.25400000000001
2026-03-16 06:27:24.000000000,15.091666666666669
2026-03-16 06:02:02.000000000,16.80866666666667
2026-03-16 06:16:11.000000000,22.70133333333333
2026-03-16 06:46:53.000000000,101.02133333333332
2026-03-16 06:37:02.000000000,32.04133333333333
2026-03-16 06:26:49.000000000,65.50999999999999
2026-03-16 07:15:10.000000000,46.73099999999998
2026-03-16 07:13:07.000000000,8.048000000000004
2026-03-16 07:53:32.000000000,21.275666666666673
2026-03-16 07:09:23.000000000,10.524666666666665
2026-03-16 07:21:27.000000000,17.712666666666667
2026-03-16 07:05:43.000000000,5.448666666666665
2026-03-16 07:54:22.000000000,45.706
2026-03-16 07:19:16.000000000,18.006666666666664
2026-03-16 07:25:36.000000000,17.943333333333335
2026-03-16 07:32:55.000000000,29.98366666666667
2026-03-16 07:34:50.000000000,232.61033333333333
2026-03-16 07:14:38.000000000,15.302333333333332
2026-03-16 07:55:40.000000000,47.465999999999994
2026-03-16 07:08:09.000000000,7.988333333333332
2026-03-16 07:53:53.000000000,25.372666666666664
2026-03-16 07:49:54.000000000,41.20700000000001
2026-03-16 07:23:15.000000000,14.682666666666666
2026-03-16 07:56:14.000000000,18.023
2026-03-16 07:27:29.000000000,10.493999999999998
2026-03-16 07:50:44.000000000,16.084000000000003
2026-03-16 08:44:57.000000000,12.842333333333334
2026-03-16 08:56:55.000000000,21.767999999999997
2026-03-16 08:02:56.000000000,62.902
2026-03-16 08:06:10.000000000,23.610333333333333
2026-03-16 08:45:01.000000000,11.296
2026-03-16 08:42:25.000000000,21.54933333333334
2026-03-16 08:19:35.000000000,15.644333333333334
2026-03-16 08:03:27.000000000,6.816999999999999
2026-03-16 08:56:24.000000000,9.851666666666665
2026-03-16 08:11:42.000000000,39.67833333333333
2026-03-16 08:38:38.000000000,23.819666666666674
2026-03-16 08:42:10.000000000,21.528666666666673
2026-03-16 08:10:06.000000000,15.833999999999996
2026-03-16 08:00:42.000000000,22.221
2026-03-16 08:49:37.000000000,6.232666666666665
2026-03-16 08:37:01.000000000,9.877666666666665
2026-03-16 08:04:10.000000000,15.738666666666669
2026-03-16 08:35:59.000000000,58.537666666666674
2026-03-16 08:06:43.000000000,37.29566666666667
2026-03-16 08:42:15.000000000,15.825666666666669
2026-03-16 08:56:39.000000000,23.716
2026-03-16 08:29:49.000000000,8.227
2026-03-16 09:26:53.000000000,32.21166666666667
2026-03-16 09:42:38.000000000,27.876333333333335
2026-03-16 09:10:12.000000000,81.05466666666668
2026-03-16 09:49:45.000000000,8.136666666666667
2026-03-16 09:52:42.000000000,23.91633333333333
2026-03-16 09:52:59.000000000,13.319000000000008
2026-03-16 09:33:40.000000000,21.77500000000001
2026-03-16 09:03:46.000000000,10.237000000000002
2026-03-16 09:33:38.000000000,5.8953333333333315
2026-03-16 09:17:25.000000000,30.810333333333325
2026-03-16 09:02:16.000000000,10.455333333333334
2026-03-16 09:24:07.000000000,50.049
2026-03-16 09:45:03.000000000,28.23366666666666
2026-03-16 09:39:48.000000000,8.190333333333333
2026-03-16 09:30:00.000000000,21.876333333333328
2026-03-16 09:00:38.000000000,9.211666666666668
2026-03-16 09:51:45.000000000,19.339666666666666
2026-03-16 09:52:22.000000000,33.56299999999998
2026-03-16 09:13:30.000000000,18.00633333333333
2026-03-16 09:18:41.000000000,24.54466666666667
2026-03-16 10:38:03.000000000,23.439999999999998
2026-03-16 10:37:24.000000000,30.614
2026-03-16 10:59:07.000000000,16.695333333333334
2026-03-16 10:21:13.000000000,8.969666666666667
2026-03-16 10:10:36.000000000,41.966
2026-03-16 10:23:33.000000000,7.366333333333333
2026-03-16 10:55:59.000000000,17.057
2026-03-16 10:57:41.000000000,42.708999999999996
2026-03-16 10:00:28.000000000,11.032333333333332
2026-03-16 10:18:28.000000000,10.776666666666667
2026-03-16 10:11:39.000000000,31.02033333333334
2026-03-16 10:21:08.000000000,36.56000000000001
2026-03-16 10:21:13.000000000,24.420333333333335
2026-03-16 10:58:48.000000000,67.714
2026-03-16 10:56:44.000000000,15.929666666666666
2026-03-16 10:43:51.000000000,9.896333333333333
2026-03-16 10:07:54.000000000,24.429000000000006
2026-03-16 10:12:08.000000000,20.999666666666663
2026-03-16 11:29:21.000000000,11.914666666666665
2026-03-16 11:40:58.000000000,17.133333333333333
2026-03-16 11:21:35.000000000,8.226666666666667
2026-03-16 11:18:58.000000000,35.44033333333333
2026-03-16 11:37:34.000000000,9.97466666666667
2026-03-16 11:56:39.000000000,16.73033333333333
2026-03-16 11:32:46.000000000,20.095999999999993
2026-03-16 11:46:55.000000000,30.150333333333336
2026-03-16 11:25:33.000000000,48.58966666666666
2026-03-16 11:00:28.000000000,13.42933333333333
2026-03-16 12:57:04.000000000,31.665999999999997
2026-03-16 12:12:20.000000000,10.787666666666668
2026-03-16 12:42:24.000000000,7.266666666666664
2026-03-16 12:35:18.000000000,27.314666666666668
2026-03-16 12:37:32.000000000,41.100333333333325
2026-03-16 12:43:43.000000000,16.319000000000003
2026-03-16 12:03:04.000000000,26.215666666666664
2026-03-16 12:35:51.000000000,20.78000000000001
2026-03-16 12:16:38.000000000,110.80766666666663
2026-03-16 12:51:41.000000000,6.137666666666669
2026-03-16 12:19:42.000000000,11.844666666666672
2026-03-16 12:19:36.000000000,10.543000000000003
2026-03-16 12:16:55.000000000,23.779666666666664
2026-03-16 12:40:44.000000000,20.619333333333326
2026-03-16 12:53:41.000000000,9.700666666666665
2026-03-16 12:17:28.000000000,47.71933333333333
2026-03-16 12:58:19.000000000,6.629666666666666
2026-03-16 12:11:33.000000000,92.35
2026-03-16 12:46:03.000000000,6.880000000000002
2026-03-16 13:41:34.000000000,17.136000000000003
2026-03-16 13:25:02.000000000,18.953999999999997
2026-03-16 13:54:37.000000000,22.176333333333332
2026-03-16 13:37:28.000000000,80.68233333333335
2026-03-16 13:50:02.000000000,12.275
2026-03-16 13:03:47.000000000,15.09366666666667
2026-03-16 13:25:16.000000000,10.724666666666666
2026-03-16 13:23:36.000000000,18.837333333333333
2026-03-16 13:05:24.000000000,11.42366666666667
2026-03-16 13:09:52.000000000,11.898333333333332
2026-03-16 14:53:25.000000000,18.51833333333333
2026-03-16 14:02:43.000000000,8.808666666666669
2026-03-16 14:01:10.000000000,52.15333333333333
2026-03-16 14:59:04.000000000,20.707
2026-03-16 14:22:06.000000000,20.159000000000002
2026-03-16 14:33:27.000000000,15.936666666666666
2026-03-16 14:49:13.000000000,47.37633333333335
2026-03-16 14:15:51.000000000,102.90166666666667
2026-03-16 14:06:35.000000000,7.227333333333333
2026-03-16 14:07:08.000000000,26.712333333333326
2026-03-16 14:02:39.000000000,11.598999999999998
2026-03-16 14:51:12.000000000,21.639333333333333
2026-03-16 14:37:25.000000000,14.231666666666664
2026-03-16 15:26:05.000000000,17.311333333333337
2026-03-16 15:40:43.000000000,19.684333333333328
2026-03-16 15:01:30.000000000,7.185666666666667
2026-03-16 15:09:34.000000000,17.930000000000007
2026-03-16 15:07:59.000000000,11.055000000000001
2026-03-16 15:40:19.000000000,46.00833333333331
2026-03-16 15:33:47.000000000,20.813333333333333
2026-03-16 15:59:01.000000000,8.45
2026-03-16 15:08:05.000000000,11.135333333333334
2026-03-16 15:13:54.000000000,18.259999999999998
2026-03-16 15:08:10.000000000,48.592666666666666
2026-03-16 15:59:45.000000000,65.79399999999998
2026-03-16 16:16:23.000000000,20.414666666666673
2026-03-16 16:51:33.000000000,11.320333333333332
2026-03-16 16:45:06.000000000,18.069999999999997
2026-03-16 16:07:13.000000000,20.493
2026-03-16 16:54:44.000000000,7.919333333333335
2026-03-16 16:37:28.000000000,22.045666666666666
2026-03-16 16:50:10.000000000,10.011
2026-03-16 16:51:27.000000000,11.774
2026-03-16 16:31:46.000000000,190.10666666666668
2026-03-16 16:34:59.000000000,31.831999999999997
2026-03-16 16:04:19.000000000,22.15466666666667
2026-03-16 16:02:19.000000000,17.118333333333336
2026-03-16 16:25:53.000000000,22.16166666666667
2026-03-16 16:22:34.000000000,12.157666666666668
2026-03-16 16:41:27.000000000,60.147000000000006
2026-03-16 16:57:09.000000000,6.92
2026-03-16 16:18:53.000000000,7.948333333333333
2026-03-16 17:41:33.000000000,26.69133333333333
2026-03-16 17:26:16.000000000,19.880999999999997
2026-03-16 17:26:37.000000000,34.70466666666667
2026-03-16 17:29:40.000000000,7.781333333333336
2026-03-16 17:26:36.000000000,14.708
2026-03-16 17:15:49.000000000,15.001333333333337
2026-03-16 17:10:08.000000000,18.661333333333335
2026-03-16 17:19:00.000000000,77.96266666666666
2026-03-16 17:19:37.000000000,28.82666666666667
2026-03-16 17:06:29.000000000,17.042333333333332
2026-03-16 17:05:41.000000000,24.42233333333333
2026-03-16 17:55:18.000000000,31.00633333333333
2026-03-16 17:15:44.000000000,17.677666666666667
2026-03-16 17:57:35.000000000,15.093333333333335
2026-03-16 17:06:09.000000000,9.695000000000002
2026-03-16 17:46:06.000000000,23.976333333333333
2026-03-16 17:12:57.000000000,47.172333333333334
2026-03-16 17:20:22.000000000,26.435999999999996
2026-03-16 17:36:53.000000000,17.799666666666663
2026-03-16 17:22:25.000000000,15.895000000000003
2026-03-16 17:02:37.000000000,16.633666666666667
2026-03-16 17:17:03.000000000,12.573
2026-03-16 17:47:52.000000000,11.363999999999999
2026-03-16 17:07:22.000000000,21.394333333333336
2026-03-16 17:16:45.000000000,7.983
2026-03-16 17:35:48.000000000,15.659333333333333
2026-03-16 17:05:53.000000000,22.875
2026-03-16 17:38:47.000000000,9.439000000000002
2026-03-16 17:55:54.000000000,30.57266666666667
2026-03-16 17:33:42.000000000,64.96799999999999
2026-03-16 18:06:11.000000000,30.787333333333336
2026-03-16 18:32:50.000000000,18.005000000000003
2026-03-16 18:30:25.000000000,11.160333333333332
2026-03-16 18:26:33.000000000,40.17033333333334
2026-03-16 18:20:18.000000000,5.838333333333333
2026-03-16 18:28:43.000000000,6.649000000000002
2026-03-16 18:55:39.000000000,6.64
2026-03-16 18:02:31.000000000,14.876999999999999
2026-03-16 18:08:42.000000000,23.439666666666664
2026-03-16 18:44:20.000000000,13.315666666666667
2026-03-16 18:17:50.000000000,15.831666666666665
2026-03-16 18:08:34.000000000,29.176000000000002
2026-03-16 18:26:43.000000000,17.769000000000002
2026-03-16 18:56:33.000000000,49.57533333333334
2026-03-16 18:53:35.000000000,39.968333333333334
2026-03-16 18:59:59.000000000,8.985999999999999
2026-03-16 18:46:28.000000000,12.804666666666668
2026-03-16 18:55:43.000000000,16.035999999999998
2026-03-16 18:19:20.000000000,12.666000000000002
2026-03-16 19:39:54.000000000,8.152666666666669
2026-03-16 19:25:25.000000000,56.25666666666666
2026-03-16 19:45:54.000000000,20.051
2026-03-16 19:11:26.000000000,21.651666666666667
2026-03-16 19:27:51.000000000,8.063
2026-03-16 19:23:18.000000000,32.927
2026-03-16 19:12:55.000000000,26.78000000000001
2026-03-16 19:30:16.000000000,14.04766666666667
2026-03-16 19:17:38.000000000,17.360000000000003
2026-03-16 19:45:18.000000000,19.404000000000003
2026-03-16 19:15:04.000000000,12.300666666666668
2026-03-16 19:32:55.000000000,23.767666666666663
2026-03-16 20:24:20.000000000,8.643333333333336
2026-03-16 20:30:43.000000000,32.943000000000005
2026-03-16 20:52:13.000000000,17.339333333333332
2026-03-16 20:43:38.000000000,7.300333333333335
2026-03-16 20:09:08.000000000,53.733666666666664
2026-03-16 20:40:07.000000000,5.798333333333333
2026-03-16 21:10:22.000000000,13.408333333333333
2026-03-16 21:24:12.000000000,83.38066666666667
2026-03-16 21:19:32.000000000,41.81033333333333
2026-03-16 21:02:40.000000000,20.143666666666665
2026-03-16 21:32:31.000000000,16.27
2026-03-16 21:35:45.000000000,7.661333333333333
2026-03-16 21:29:41.000000000,37.59133333333334
2026-03-16 21:13:13.000000000,7.266000000000002
2026-03-16 21:12:26.000000000,6.280333333333334
2026-03-16 21:23:54.000000000,13.869333333333334
2026-03-16 21:56:29.000000000,23.79666666666666
2026-03-16 21:10:11.000000000,41.62333333333333
2026-03-16 22:45:43.000000000,11.863999999999999
2026-03-16 22:49:44.000000000,46.34366666666665
2026-03-16 22:12:57.000000000,46.025
2026-03-16 22:12:49.000000000,15.157666666666671
2026-03-16 22:05:45.000000000,12.306666666666665
2026-03-16 22:04:58.000000000,24.079333333333338
2026-03-16 22:49:47.000000000,48.236999999999995
2026-03-16 22:15:59.000000000,8.757
2026-03-16 22:15:16.000000000,31.964666666666677
2026-03-16 22:55:12.000000000,25.10333333333334
2026-03-16 22:28:04.000000000,11.640999999999996
2026-03-16 22:23:09.000000000,7.192666666666668
2026-03-16 22:52:34.000000000,37.94066666666666
2026-03-16 22:08:25.000000000,14.393000000000004
2026-03-16 22:06:50.000000000,11.546333333333338
2026-03-16 23:15:10.000000000,14.045666666666666
2026-03-16 23:37:06.000000000,7.309666666666667
2026-03-16 23:00:28.000000000,8.409333333333333
2026-03-16 23:09:06.000000000,27.658666666666655
2026-03-16 23:12:45.000000000,7.982333333333333
2026-03-16 23:47:45.000000000,6.970666666666668
2026-03-16 23:08:09.000000000,118.736
2026-03-16 23:47:30.000000000,20.450666666666667
2026-03-16 23:09:59.000000000,12.516
2026-03-16 23:32:53.000000000,34.166666666666664
2026-03-16 23:46:14.000000000,13.405
2026-03-16 23:28:47.000000000,25.220000000000006
2026-03-16 23:11:45.000000000,62.28433333333335
2026-03-16 23:07:30.000000000,15.011333333333331
2026-03-16 23:25:25.000000000,7.011666666666668
2026-03-16 23:03:31.000000000,109.93800000000002
2026-03-16 23:03:56.000000000,26.887
2026-03-16 23:55:38.000000000,39.50533333333333
2026-03-16 23:54:22.000000000,7.314333333333332
2026-03-16 23:55:39.000000000,71.69566666666667
2026-03-16 23:04:17.000000000,23.940666666666672
2026-03-16 23:32:14.000000000,7.785666666666668
2026-03-17 00:12:53.000000000,19.45099999999999
2026-03-17 00:57:34.000000000,24.367
2026-03-17 00:28:35.000000000,42.13666666666668
2026-03-17 00:17:28.000000000,25.912666666666663
2026-03-17 00:00:22.000000000,40.41933333333334
2026-03-17 00:10:27.000000000,48.63166666666666
2026-03-17 00:48:39.000000000,6.239333333333333
2026-03-17 00:48:41.000000000,17.31833333333333
2026-03-17 00:45:58.000000000,18.053
2026-03-17 01:12:39.000000000,14.791333333333334
2026-03-17 02:36:30.000000000,40.948
2026-03-17 02:37:51.000000000,68.21166666666664
2026-03-17 02:44:17.000000000,20.756333333333334
2026-03-17 02:15:13.000000000,14.013333333333334
2026-03-17 02:17:17.000000000,8.809
2026-03-17 02:16:50.000000000,14.798999999999998
2026-03-17 03:15:41.000000000,21.456999999999997
2026-03-17 03:12:50.000000000,50.06533333333335
2026-03-17 03:36:06.000000000,7.856000000000001
2026-03-17 04:53:52.000000000,43.15133333333333
2026-03-17 04:09:45.000000000,69.66833333333334
2026-03-17 04:22:34.000000000,26.725333333333335
2026-03-17 04:37:39.000000000,85.18133333333334
2026-03-17 04:00:06.000000000,26.801
2026-03-17 05:30:50.000000000,21.422
2026-03-17 05:41:55.000000000,8.240999999999998
2026-03-17 05:40:23.000000000,22.89066666666667
2026-03-17 05:02:05.000000000,27.51533333333334
2026-03-17 05:11:51.000000000,9.029666666666664
2026-03-17 05:04:40.000000000,101.19766666666665
2026-03-17 06:06:21.000000000,20.310999999999993
2026-03-17 06:06:13.000000000,12.736333333333334
2026-03-17 06:53:21.000000000,95.74133333333336
2026-03-17 06:42:19.000000000,15.152666666666669
2026-03-17 06:46:54.000000000,18.266333333333332
2026-03-17 06:01:37.000000000,9.656666666666665
2026-03-17 06:33:12.000000000,16.906333333333333
2026-03-17 06:00:18.000000000,40.150666666666666
2026-03-17 07:49:39.000000000,19.486333333333327
2026-03-17 07:22:28.000000000,40.455
2026-03-17 07:55:37.000000000,20.038333333333334
2026-03-17 07:46:57.000000000,86.33866666666668
2026-03-17 07:06:16.000000000,10.293666666666669
2026-03-17 07:34:48.000000000,20.572000000000006
2026-03-17 07:30:11.000000000,12.397333333333332
2026-03-17 07:11:50.000000000,49.95900000000001
2026-03-17 07:52:20.000000000,94.11933333333334
2026-03-17 07:58:59.000000000,10.901000000000003
2026-03-17 07:29:02.000000000,17.308666666666667
2026-03-17 07:56:32.000000000,25.560999999999993
2026-03-17 07:39:30.000000000,23.705999999999996
2026-03-17 07:19:40.000000000,55.647666666666666
2026-03-17 07:35:49.000000000,45.45799999999999
2026-03-17 07:00:43.000000000,22.527666666666665
2026-03-17 07:06:17.000000000,9.828666666666665
2026-03-17 07:18:25.000000000,110.84933333333332
2026-03-17 08:31:51.000000000,16.821
2026-03-17 08:27:33.000000000,7.348000000000001
2026-03-17 08:39:26.000000000,49.97533333333334
2026-03-17 08:01:50.000000000,15.282000000000002
2026-03-17 08:52:53.000000000,35.18499999999999
2026-03-17 08:22:29.000000000,53.307333333333325
2026-03-17 08:09:15.000000000,32.01866666666667
2026-03-17 08:25:27.000000000,22.703333333333337
2026-03-17 08:56:44.000000000,39.54966666666667
2026-03-17 08:25:47.000000000,18.81133333333333
2026-03-17 08:07:14.000000000,16.385
2026-03-17 08:06:26.000000000,29.410333333333327
2026-03-17 08:06:09.000000000,38.056666666666665
2026-03-17 09:15:06.000000000,8.561
2026-03-17 09:16:18.000000000,11.553
2026-03-17 09:36:24.000000000,31.282333333333334
2026-03-17 09:09:44.000000000,27.61233333333333
2026-03-17 09:23:07.000000000,48.948666666666675
2026-03-17 09:38:39.000000000,23.649333333333338
2026-03-17 09:31:05.000000000,52.691666666666656
2026-03-17 09:05:03.000000000,18.94266666666667
2026-03-17 09:29:18.000000000,18.942666666666664
2026-03-17 09:31:37.000000000,31.23833333333333
2026-03-17 09:37:17.000000000,20.044
2026-03-17 09:02:10.000000000,16.259
2026-03-17 09:44:50.000000000,24.432333333333336
2026-03-17 09:22:21.000000000,8.410666666666666
2026-03-17 09:50:46.000000000,27.680999999999997
2026-03-17 09:44:01.000000000,37.817
2026-03-17 09:16:32.000000000,116.73633333333332
2026-03-17 09:16:40.000000000,9.935666666666666
2026-03-17 09:17:50.000000000,11.315333333333335
2026-03-17 09:40:03.000000000,12.59366666666667
2026-03-17 09:36:13.000000000,9.358666666666668
2026-03-17 10:48:23.000000000,7.993000000000001
2026-03-17 10:45:43.000000000,11.308333333333334
2026-03-17 10:14:04.000000000,15.518999999999995
2026-03-17 10:02:14.000000000,28.878000000000004
2026-03-17 10:10:04.000000000,17.610333333333333
2026-03-17 10:10:29.000000000,7.117333333333334
2026-03-17 10:03:30.000000000,11.603666666666665
2026-03-17 10:54:45.000000000,78.45499999999998
2026-03-17 10:05:52.000000000,36.007
2026-03-17 10:47:03.000000000,42.556000000000004
2026-03-17 10:00:48.000000000,6.227666666666666
2026-03-17 10:59:25.000000000,9.607333333333337
2026-03-17 10:01:50.000000000,7.1133333333333315
2026-03-17 10:24:30.000000000,25.894999999999996
2026-03-17 10:27:54.000000000,32.898333333333326
2026-03-17 10:57:55.000000000,13.314333333333332
2026-03-17 10:33:06.000000000,84.52533333333331
2026-03-17 10:00:37.000000000,30.60633333333334
2026-03-17 10:36:59.000000000,15.45666666666667
2026-03-17 11:31:04.000000000,5.5443333333333324
2026-03-17 11:05:00.000000000,13.826333333333334
2026-03-17 11:31:40.000000000,15.967333333333336
2026-03-17 11:08:32.000000000,8.724333333333334
2026-03-17 11:50:33.000000000,19.674666666666667
2026-03-17 11:13:08.000000000,6.032333333333333
2026-03-17 11:02:11.000000000,6.311000000000002
2026-03-17 11:51:00.000000000,28.230666666666664
2026-03-17 11:26:32.000000000,27.136333333333333
2026-03-17 11:38:06.000000000,15.258333333333333
2026-03-17 11:32:15.000000000,7.944666666666665
2026-03-17 11:18:24.000000000,12.971666666666664
2026-03-17 12:45:33.000000000,28.850999999999992
2026-03-17 12:46:27.000000000,14.959666666666667
2026-03-17 12:06:02.000000000,30.583000000000006
2026-03-17 12:52:32.000000000,19.847333333333328
2026-03-17 12:54:39.000000000,72.60866666666668
2026-03-17 12:34:08.000000000,13.842
2026-03-17 12:03:28.000000000,198.5763333333333
2026-03-17 12:49:27.000000000,17.935333333333336
2026-03-17 12:08:01.000000000,13.43666666666667
2026-03-17 12:19:43.000000000,15.010666666666669
2026-03-17 12:22:10.000000000,11.711999999999998
2026-03-17 12:34:02.000000000,21.085666666666665
2026-03-17 12:30:54.000000000,45.63733333333333
2026-03-17 12:38:54.000000000,10.024000000000001
2026-03-17 12:07:21.000000000,59.24133333333334
2026-03-17 13:39:16.000000000,39.767666666666656
2026-03-17 13:00:41.000000000,5.773333333333334
2026-03-17 13:35:17.000000000,8.935333333333334
2026-03-17 13:40:45.000000000,16.06833333333334
2026-03-17 13:14:26.000000000,55.123333333333335
2026-03-17 13:08:18.000000000,8.887666666666664
2026-03-17 13:18:14.000000000,107.412
2026-03-17 13:16:09.000000000,11.720333333333334
2026-03-17 13:49:14.000000000,20.543666666666674
2026-03-17 13:26:32.000000000,10.404333333333335
2026-03-17 13:37:13.000000000,29.83966666666667
2026-03-17 13:06:23.000000000,50.759999999999984
2026-03-17 14:07:49.000000000,46.14199999999999
2026-03-17 14:58:58.000000000,48.99333333333333
2026-03-17 14:48:53.000000000,9.950666666666669
2026-03-17 14:42:05.000000000,13.862000000000002
2026-03-17 14:57:48.000000000,26.274666666666672
2026-03-17 14:32:49.000000000,6.141000000000001
2026-03-17 14:36:55.000000000,15.059
2026-03-17 14:45:33.000000000,8.07
2026-03-17 14:24:33.000000000,10.484
2026-03-17 14:52:44.000000000,28.878333333333337
2026-03-17 14:58:05.000000000,11.684666666666667
2026-03-17 14:19:20.000000000,16.01166666666667
2026-03-17 14:27:51.000000000,22.376999999999995
2026-03-17 14:16:53.000000000,12.922999999999998
2026-03-17 14:59:08.000000000,9.560333333333336
2026-03-17 14:01:44.000000000,8.393333333333336
2026-03-17 14:34:04.000000000,27.316333333333333
2026-03-17 14:38:13.000000000,32.82466666666667
2026-03-17 15:43:26.000000000,12.397666666666671
2026-03-17 15:21:58.000000000,9.43533333333333
2026-03-17 15:41:16.000000000,9.544
2026-03-17 15:00:54.000000000,8.799
2026-03-17 15:56:47.000000000,19.003000000000004
2026-03-17 15:38:53.000000000,11.093
2026-03-17 15:09:32.000000000,28.770666666666664
2026-03-17 15:13:21.000000000,20.197
2026-03-17 15:32:29.000000000,12.774
2026-03-17 15:25:33.000000000,20.50833333333333
2026-03-17 15:55:03.000000000,19.675333333333338
2026-03-17 15:41:21.000000000,21.947333333333333
2026-03-17 15:30:57.000000000,17.790000000000006
2026-03-17 15:04:49.000000000,15.655666666666665
2026-03-17 15:34:16.000000000,18.025666666666666
2026-03-17 15:25:57.000000000,9.202999999999998
2026-03-17 15:58:47.000000000,28.23566666666666
2026-03-17 16:41:35.000000000,12.516333333333332
2026-03-17 16:46:01.000000000,16.003333333333337
2026-03-17 16:06:00.000000000,96.07533333333335
2026-03-17 16:36:56.000000000,53.471666666666664
2026-03-17 16:40:49.000000000,23.920666666666666
2026-03-17 16:35:08.000000000,9.156999999999998
2026-03-17 16:53:43.000000000,15.815666666666665
2026-03-17 16:55:00.000000000,7.854666666666668
2026-03-17 16:50:54.000000000,20.396
2026-03-17 16:24:58.000000000,15.286333333333335
2026-03-17 16:52:36.000000000,12.001
2026-03-17 16:47:57.000000000,14.388333333333332
2026-03-17 16:54:37.000000000,43.55999999999999
2026-03-17 16:49:06.000000000,12.620000000000001
2026-03-17 16:05:30.000000000,15.819333333333335
2026-03-17 17:01:03.000000000,12.883666666666667
2026-03-17 17:33:43.000000000,43.259666666666675
2026-03-17 17:27:56.000000000,15.909
2026-03-17 17:09:58.000000000,69.58266666666668
2026-03-17 17:27:19.000000000,27.395333333333337
2026-03-17 17:04:17.000000000,28.66066666666667
2026-03-17 17:49:26.000000000,8.139666666666665
2026-03-17 17:34:15.000000000,17.044666666666664
2026-03-17 17:20:18.000000000,8.327333333333332
2026-03-17 17:30:56.000000000,15.982666666666663
2026-03-17 17:55:37.000000000,24.38133333333333
2026-03-17 17:31:29.000000000,42.53266666666668
2026-03-17 17:08:18.000000000,20.513999999999996
2026-03-17 17:35:19.000000000,55.36900000000001
2026-03-17 17:52:02.000000000,44.30766666666666
2026-03-17 18:20:09.000000000,11.880666666666663
2026-03-17 18:38:27.000000000,48.715999999999994
2026-03-17 18:17:59.000000000,49.635999999999996
2026-03-17 18:12:49.000000000,9.193000000000001
2026-03-17 18:20:35.000000000,18.51766666666667
2026-03-17 18:44:40.000000000,18.08133333333333
2026-03-17 18:13:14.000000000,10.892666666666665
2026-03-17 18:06:18.000000000,17.443333333333335
2026-03-17 18:15:38.000000000,6.898000000000002
2026-03-17 18:17:08.000000000,10.632666666666667
2026-03-17 18:10:28.000000000,16.050666666666665
2026-03-17 18:21:31.000000000,12.70133333333333
2026-03-17 18:05:48.000000000,23.303333333333338
2026-03-17 18:49:45.000000000,26.33566666666666
2026-03-17 18:03:03.000000000,12.958333333333332
2026-03-17 18:53:43.000000000,10.775666666666671
2026-03-17 18:27:28.000000000,106.85766666666665
2026-03-17 18:56:22.000000000,18.604333333333333
2026-03-17 18:07:24.000000000,54.746999999999986
2026-03-17 18:45:20.000000000,7.438999999999999
2026-03-17 19:42:09.000000000,13.404333333333334
2026-03-17 19:55:23.000000000,10.358999999999998
2026-03-17 19:28:15.000000000,32.60133333333333
2026-03-17 19:10:35.000000000,21.67366666666667
2026-03-17 19:18:24.000000000,8.218333333333335
2026-03-17 19:52:25.000000000,6.427666666666666
2026-03-17 19:35:26.000000000,33.61133333333333
2026-03-17 19:36:06.000000000,21.049
2026-03-17 19:52:12.000000000,12.253666666666668
2026-03-17 19:58:37.000000000,15.27766666666666
2026-03-17 19:29:16.000000000,8.979000000000001
2026-03-17 19:44:38.000000000,10.488333333333333
2026-03-17 20:49:56.000000000,7.769999999999997
2026-03-17 20:31:55.000000000,26.803333333333335
2026-03-17 20:46:40.000000000,7.204666666666667
2026-03-17 20:03:04.000000000,21.925999999999995
2026-03-17 20:27:39.000000000,24.65266666666667
2026-03-17 20:00:32.000000000,16.19566666666667
2026-03-17 20:42:22.000000000,363.7606666666666
2026-03-17 20:26:50.000000000,91.84133333333334
2026-03-17 20:21:27.000000000,38.606333333333346
2026-03-17 20:10:29.000000000,21.377666666666666
2026-03-17 21:59:25.000000000,12.168
2026-03-17 21:26:15.000000000,12.541999999999998
2026-03-17 21:27:42.000000000,9.199
2026-03-17 21:44:49.000000000,13.487333333333337
2026-03-17 21:23:44.000000000,22.235000000000003
2026-03-17 21:20:06.000000000,11.534666666666665
2026-03-17 21:43:05.000000000,14.178666666666667
2026-03-17 21:51:08.000000000,73.92766666666667
2026-03-17 21:04:27.000000000,6.921
2026-03-17 21:02:21.000000000,25.57166666666667
2026-03-17 21:07:50.000000000,28.827999999999992
2026-03-17 22:43:41.000000000,10.753000000000005
2026-03-17 22:03:36.000000000,31.777333333333342
2026-03-17 22:13:27.000000000,25.91866666666667
2026-03-17 22:40:28.000000000,14.426666666666664
2026-03-17 22:39:50.000000000,16.884666666666668
2026-03-17 22:35:31.000000000,154.27966666666666
2026-03-17 22:25:19.000000000,37.53666666666666
2026-03-17 22:29:28.000000000,10.066666666666665
2026-03-17 22:24:54.000000000,25.852999999999998
2026-03-17 22:31:05.000000000,12.875333333333334
2026-03-17 22:46:26.000000000,8.843666666666666
2026-03-17 22:28:29.000000000,20.276999999999994
2026-03-17 23:49:20.000000000,24.868999999999996
2026-03-17 23:31:11.000000000,24.405666666666665
2026-03-17 23:11:22.000000000,44.64433333333333
2026-03-17 23:43:28.000000000,13.59066666666667
2026-03-17 23:36:58.000000000,32.568000000000005
2026-03-17 23:55:21.000000000,12.087333333333328
2026-03-17 23:32:43.000000000,22.062333333333335
2026-03-17 23:37:51.000000000,24.665999999999997
2026-03-17 23:35:09.000000000,47.01799999999999
2026-03-17 23:44:05.000000000,18.678
2026-03-17 23:17:18.000000000,32.53499999999999
2026-03-17 23:06:03.000000000,25.61333333333334
2026-03-17 23:51:32.000000000,6.029
2026-03-18 00:30:13.000000000,150.04399999999998
2026-03-18 00:23:31.000000000,11.332333333333333
2026-03-18 00:42:50.000000000,34.672999999999995
2026-03-18 00:40:30.000000000,97.991
2026-03-18 00:21:39.000000000,19.856333333333332
2026-03-18 00:08:45.000000000,6.2813333333333325
2026-03-18 00:02:28.000000000,33.858333333333334
2026-03-18 01:27:32.000000000,10.348000000000003
2026-03-18 01:57:10.000000000,15.599333333333332
2026-03-18 01:40:05.000000000,30.058666666666667
2026-03-18 02:40:34.000000000,15.813666666666668
2026-03-18 02:04:09.000000000,24.049666666666663
2026-03-18 03:18:36.000000000,31.871000000000002
2026-03-18 03:30:46.000000000,13.381333333333329
2026-03-18 03:34:59.000000000,21.524666666666672
2026-03-18 04:59:47.000000000,10.658333333333333
2026-03-18 05:40:29.000000000,39.931000000000004
2026-03-18 05:44:05.000000000,63.219
2026-03-18 05:55:21.000000000,8.861
2026-03-18 05:47:03.000000000,15.709
2026-03-18 05:54:11.000000000,11.302333333333335
2026-03-18 05:24:03.000000000,12.073333333333332
2026-03-18 05:15:41.000000000,88.30433333333333
2026-03-18 06:22:20.000000000,9.020333333333333
2026-03-18 06:47:13.000000000,15.700333333333335
2026-03-18 06:14:22.000000000,15.319666666666667
2026-03-18 06:08:46.000000000,27.104666666666667
2026-03-18 06:42:21.000000000,13.241666666666669
2026-03-18 06:27:15.000000000,31.575000000000006
2026-03-18 06:45:42.000000000,48.570333333333345
2026-03-18 06:21:20.000000000,10.858666666666666
2026-03-18 06:17:16.000000000,88.30999999999999
2026-03-18 06:38:39.000000000,18.45966666666666
2026-03-18 06:59:52.000000000,6.253000000000001
2026-03-18 06:37:27.000000000,43.22266666666667
2026-03-18 06:29:32.000000000,20.40866666666667
2026-03-18 06:31:10.000000000,94.667
2026-03-18 06:53:04.000000000,11.594
2026-03-18 06:54:16.000000000,21.920666666666666
2026-03-18 06:28:21.000000000,28.326
2026-03-18 07:20:57.000000000,8.108
2026-03-18 07:57:51.000000000,19.325333333333337
2026-03-18 07:29:57.000000000,96.18966666666665
2026-03-18 07:50:57.000000000,15.176333333333332
2026-03-18 07:18:53.000000000,18.397
2026-03-18 07:51:03.000000000,19.055333333333337
2026-03-18 07:43:44.000000000,9.456666666666667
2026-03-18 07:27:32.000000000,36.35633333333333
2026-03-18 07:06:18.000000000,96.44933333333334
2026-03-18 07:57:46.000000000,11.333666666666664
2026-03-18 07:59:47.000000000,39.88200000000001
2026-03-18 07:49:26.000000000,30.324333333333335
2026-03-18 07:16:51.000000000,11.618
2026-03-18 07:36:12.000000000,34.24066666666668
2026-03-18 07:11:19.000000000,21.596999999999998
2026-03-18 07:32:10.000000000,37.94699999999999
2026-03-18 07:59:30.000000000,104.93366666666667
2026-03-18 07:54:29.000000000,8.985000000000003
2026-03-18 07:03:20.000000000,55.528000000000006
2026-03-18 08:36:30.000000000,30.953
2026-03-18 08:14:33.000000000,41.01266666666666
2026-03-18 08:55:57.000000000,19.386999999999997
2026-03-18 08:32:37.000000000,13.807333333333332
2026-03-18 08:10:29.000000000,26.67033333333333
2026-03-18 08:09:07.000000000,22.54866666666667
2026-03-18 08:36:43.000000000,27.055999999999994
2026-03-18 08:34:14.000000000,32.79933333333334
2026-03-18 08:41:59.000000000,15.951666666666664
2026-03-18 08:08:22.000000000,36.64633333333334
2026-03-18 08:23:05.000000000,24.20866666666667
2026-03-18 08:28:03.000000000,30.575000000000003
2026-03-18 08:05:08.000000000,13.350999999999999
2026-03-18 08:08:01.000000000,56.44066666666666
2026-03-18 08:23:30.000000000,16.798666666666666
2026-03-18 08:49:29.000000000,46.32866666666666
2026-03-18 09:09:03.000000000,30.851
2026-03-18 09:02:14.000000000,28.25233333333333
2026-03-18 09:32:57.000000000,24.070666666666668
2026-03-18 09:06:53.000000000,8.990666666666668
2026-03-18 09:49:54.000000000,14.931999999999997
2026-03-18 09:50:00.000000000,12.687999999999999
2026-03-18 09:37:44.000000000,14.783666666666665
2026-03-18 09:48:18.000000000,10.665000000000001
2026-03-18 09:56:36.000000000,50.47366666666665
2026-03-18 09:43:28.000000000,21.992333333333328
2026-03-18 09:35:27.000000000,20.33966666666667
2026-03-18 09:25:06.000000000,34.663000000000004
2026-03-18 09:58:40.000000000,66.344
2026-03-18 09:47:59.000000000,13.703
2026-03-18 09:38:45.000000000,104.38066666666664
2026-03-18 09:28:21.000000000,13.345999999999998
2026-03-18 09:18:31.000000000,15.105333333333334
2026-03-18 09:09:27.000000000,28.890999999999988
2026-03-18 09:06:51.000000000,7.925333333333334
2026-03-18 09:03:57.000000000,39.710333333333324
2026-03-18 09:44:39.000000000,11.890666666666664
2026-03-18 10:21:13.000000000,18.367333333333338
2026-03-18 10:18:16.000000000,31.01333333333334
2026-03-18 10:55:04.000000000,70.49600000000004
2026-03-18 10:53:17.000000000,8.950666666666669
2026-03-18 10:09:29.000000000,9.800666666666665
2026-03-18 10:50:58.000000000,21.399666666666665
2026-03-18 10:35:29.000000000,11.766333333333334
2026-03-18 10:10:43.000000000,13.86666666666667
2026-03-18 10:41:42.000000000,28.685333333333336
2026-03-18 10:14:02.000000000,37.05766666666668
2026-03-18 10:38:58.000000000,51.842000000000006
2026-03-18 10:14:39.000000000,32.900000000000006
2026-03-18 10:09:21.000000000,23.81966666666666
2026-03-18 10:14:17.000000000,32.34799999999999
2026-03-18 10:42:08.000000000,10.59033333333333
2026-03-18 10:25:59.000000000,8.887333333333332
2026-03-18 10:39:46.000000000,25.619000000000007
2026-03-18 10:30:51.000000000,8.791666666666666
2026-03-18 10:52:03.000000000,127.45199999999998
2026-03-18 11:45:14.000000000,110.34033333333332
2026-03-18 11:34:32.000000000,59.86466666666665
2026-03-18 11:01:19.000000000,23.757999999999992
2026-03-18 11:55:33.000000000,64.41533333333332
2026-03-18 11:21:39.000000000,26.60766666666667
2026-03-18 11:26:10.000000000,17.46166666666666
2026-03-18 11:55:03.000000000,26.135666666666673
2026-03-18 11:35:03.000000000,37.35666666666667
2026-03-18 11:04:19.000000000,8.037
2026-03-18 12:03:47.000000000,34.40600000000001
2026-03-18 12:53:06.000000000,18.489333333333335
2026-03-18 12:15:14.000000000,49.369666666666674
2026-03-18 12:36:58.000000000,14.088333333333333
2026-03-18 12:55:39.000000000,15.089666666666666
2026-03-18 12:44:28.000000000,8.17033333333333
2026-03-18 12:47:09.000000000,23.206999999999994
2026-03-18 12:34:53.000000000,49.820666666666654
2026-03-18 12:47:32.000000000,19.223333333333336
2026-03-18 12:54:38.000000000,25.696333333333335
2026-03-18 12:46:35.000000000,9.092
2026-03-18 12:02:42.000000000,14.173666666666664
2026-03-18 12:51:23.000000000,12.748666666666669
2026-03-18 12:20:21.000000000,35.93133333333333
2026-03-18 12:01:47.000000000,20.423000000000002
2026-03-18 12:02:43.000000000,22.64033333333333
2026-03-18 12:34:54.000000000,43.06166666666666
2026-03-18 12:52:41.000000000,13.574000000000003
2026-03-18 13:56:34.000000000,18.148666666666667
2026-03-18 13:47:41.000000000,55.127
2026-03-18 13:32:40.000000000,45.93433333333334
2026-03-18 13:42:39.000000000,6.985666666666666
2026-03-18 13:12:44.000000000,33.36666666666666
2026-03-18 13:03:36.000000000,59.06333333333335
2026-03-18 13:05:18.000000000,16.752000000000002
2026-03-18 13:31:02.000000000,26.36333333333333
2026-03-18 13:54:20.000000000,21.613000000000007
2026-03-18 13:45:48.000000000,13.280666666666665
2026-03-18 13:07:30.000000000,12.677000000000003
2026-03-18 13:00:14.000000000,30.767666666666674
2026-03-18 13:00:00.000000000,124.06300000000005
2026-03-18 13:21:24.000000000,75.84100000000002
2026-03-18 13:34:01.000000000,14.756666666666666
2026-03-18 14:47:45.000000000,26.538999999999994
2026-03-18 14:21:16.000000000,62.65966666666666
2026-03-18 14:29:03.000000000,72.47633333333332
2026-03-18 14:36:36.000000000,10.403666666666668
2026-03-18 14:22:39.000000000,7.914666666666667
2026-03-18 14:23:08.000000000,21.36033333333334
2026-03-18 14:29:39.000000000,19.15866666666666
2026-03-18 14:35:18.000000000,19.29
2026-03-18 14:59:33.000000000,51.60266666666666
2026-03-18 14:41:47.000000000,9.666333333333334
2026-03-18 14:45:08.000000000,15.397333333333336
2026-03-18 14:06:00.000000000,15.571
2026-03-18 15:49:45.000000000,18.017
2026-03-18 15:33:45.000000000,23.95166666666667
2026-03-18 15:40:55.000000000,14.654666666666667
2026-03-18 15:04:14.000000000,46.725333333333325
2026-03-18 15:53:05.000000000,19.47033333333333
2026-03-18 15:23:54.000000000,25.981333333333335
2026-03-18 15:30:47.000000000,18.542333333333335
2026-03-18 15:55:51.000000000,41.77066666666667
2026-03-18 15:41:01.000000000,12.710333333333333
2026-03-18 15:36:47.000000000,32.06533333333333
2026-03-18 15:41:20.000000000,25.30733333333333
2026-03-18 15:12:03.000000000,182.6653333333334
2026-03-18 15:11:19.000000000,14.696000000000002
2026-03-18 15:01:19.000000000,65.01766666666666
2026-03-18 15:41:29.000000000,48.120999999999995
2026-03-18 16:42:42.000000000,10.274
2026-03-18 16:36:15.000000000,28.660999999999998
2026-03-18 16:41:27.000000000,14.298666666666664
2026-03-18 16:29:30.000000000,9.728333333333332
2026-03-18 16:07:19.000000000,32.03133333333334
2026-03-18 16:42:38.000000000,26.029
2026-03-18 16:29:12.000000000,40.77566666666667
2026-03-18 16:11:04.000000000,10.682999999999998
2026-03-18 16:18:06.000000000,13.450333333333335
2026-03-18 16:11:09.000000000,6.745666666666667
2026-03-18 16:59:47.000000000,22.101333333333333
2026-03-18 16:44:21.000000000,13.527999999999997
2026-03-18 16:10:02.000000000,20.915999999999997
2026-03-18 16:43:33.000000000,15.20666666666667
2026-03-18 16:20:57.000000000,11.906
2026-03-18 16:30:14.000000000,18.889666666666663
2026-03-18 17:42:41.000000000,12.627333333333329
2026-03-18 17:55:17.000000000,12.824333333333332
2026-03-18 17:43:29.000000000,20.179666666666666
2026-03-18 17:51:50.000000000,96.47499999999998
2026-03-18 17:42:22.000000000,8.815333333333335
2026-03-18 17:36:26.000000000,16.109
2026-03-18 17:28:07.000000000,7.694666666666665
2026-03-18 17:14:46.000000000,10.375000000000004
2026-03-18 17:39:33.000000000,94.87233333333334
2026-03-18 17:43:00.000000000,73.02466666666666
2026-03-18 17:36:52.000000000,11.645333333333332
2026-03-18 17:36:19.000000000,7.852
2026-03-18 17:31:22.000000000,10.743000000000002
2026-03-18 17:45:39.000000000,64.44900000000003
2026-03-18 17:44:18.000000000,25.661333333333346
2026-03-18 17:03:27.000000000,16.674000000000003
2026-03-18 17:37:10.000000000,10.558
2026-03-18 17:09:16.000000000,80.54566666666665
2026-03-18 17:23:36.000000000,22.377666666666673
2026-03-18 17:53:15.000000000,12.165
2026-03-18 17:30:50.000000000,36.34
2026-03-18 17:16:55.000000000,26.903666666666666
2026-03-18 17:49:58.000000000,16.61266666666667
2026-03-18 17:19:07.000000000,13.56466666666667
2026-03-18 17:00:24.000000000,59.403000000000006
2026-03-18 18:54:23.000000000,6.086666666666667
2026-03-18 18:27:22.000000000,81.58333333333333
2026-03-18 18:49:54.000000000,32.02966666666667
2026-03-18 18:05:55.000000000,8.307333333333334
2026-03-18 18:28:26.000000000,12.078333333333338
2026-03-18 18:51:45.000000000,20.13833333333334
2026-03-18 18:48:49.000000000,15.90966666666667
2026-03-18 18:08:41.000000000,78.94333333333334
2026-03-18 18:43:16.000000000,16.040333333333333
2026-03-18 18:10:06.000000000,16.011666666666663
2026-03-18 18:33:28.000000000,49.20233333333335
2026-03-18 18:22:38.000000000,17.642000000000007
2026-03-18 18:37:11.000000000,19.172
2026-03-18 18:26:32.000000000,41.54999999999998
2026-03-18 18:38:09.000000000,15.326666666666666
2026-03-18 18:11:03.000000000,41.12500000000001
2026-03-18 18:02:37.000000000,8.444
2026-03-18 18:20:34.000000000,21.676666666666666
2026-03-18 18:32:07.000000000,64.25333333333334
2026-03-18 18:25:58.000000000,23.775999999999996
2026-03-18 18:31:16.000000000,44.04966666666667
2026-03-18 18:30:15.000000000,12.241333333333333
2026-03-18 19:44:46.000000000,24.683999999999994
2026-03-18 19:41:15.000000000,10.524333333333333
2026-03-18 19:08:51.000000000,14.013666666666666
2026-03-18 19:54:23.000000000,55.99033333333332
2026-03-18 19:55:50.000000000,13.805
2026-03-18 19:34:25.000000000,23.761333333333337
2026-03-18 19:30:27.000000000,16.924000000000003
2026-03-18 19:59:10.000000000,10.708333333333336
2026-03-18 19:59:00.000000000,35.67766666666666
2026-03-18 19:13:48.000000000,70.07033333333331
2026-03-18 19:37:06.000000000,18.788999999999998
2026-03-18 19:41:46.000000000,45.98233333333334
2026-03-18 19:00:08.000000000,19.145000000000003
2026-03-18 19:30:35.000000000,16.21466666666667
2026-03-18 19:15:49.000000000,10.586
2026-03-18 19:41:39.000000000,51.62666666666668
2026-03-18 19:36:01.000000000,44.977
2026-03-18 19:52:51.000000000,48.693
2026-03-18 19:26:18.000000000,30.860000000000007
2026-03-18 19:44:20.000000000,10.905333333333335
2026-03-18 19:26:08.000000000,21.727999999999994
2026-03-18 20:29:12.000000000,23.37233333333334
2026-03-18 20:07:24.000000000,19.302
2026-03-18 20:32:37.000000000,73.09166666666664
2026-03-18 20:42:24.000000000,69.95533333333334
2026-03-18 20:41:21.000000000,10.872666666666666
2026-03-18 20:07:24.000000000,8.012333333333332
2026-03-18 20:49:12.000000000,46.414
2026-03-18 20:31:43.000000000,24.421000000000003
2026-03-18 20:28:12.000000000,11.268
2026-03-18 20:33:00.000000000,17.58833333333333
2026-03-18 20:58:00.000000000,69.83233333333332
2026-03-18 20:23:43.000000000,195.398
2026-03-18 20:59:42.000000000,43.560666666666656
2026-03-18 20:43:31.000000000,6.596666666666668
2026-03-18 20:56:25.000000000,27.72466666666667
2026-03-18 20:46:36.000000000,25.475666666666665
2026-03-18 21:34:57.000000000,8.040000000000001
2026-03-18 21:16:47.000000000,13.746
2026-03-18 21:50:32.000000000,10.643000000000002
2026-03-18 21:22:52.000000000,9.79433333333333
2026-03-18 21:16:07.000000000,12.325666666666667
2026-03-18 21:51:17.000000000,11.527666666666669
2026-03-18 21:02:58.000000000,15.615333333333334
2026-03-18 21:20:37.000000000,32.74833333333333
2026-03-18 21:56:39.000000000,24.44900000000001
2026-03-18 21:44:32.000000000,114.08999999999997
2026-03-18 21:21:17.000000000,7.568
2026-03-18 21:07:31.000000000,12.429666666666664
2026-03-18 21:22:56.000000000,11.978666666666667
2026-03-18 21:19:45.000000000,47.26166666666666
2026-03-18 21:10:20.000000000,12.065000000000003
2026-03-18 21:42:06.000000000,14.526
2026-03-18 22:11:31.000000000,12.947333333333335
2026-03-18 22:38:32.000000000,9.175333333333333
2026-03-18 22:05:20.000000000,190.4466666666667
2026-03-18 22:50:46.000000000,17.995666666666672
2026-03-18 22:32:08.000000000,30.500000000000004
2026-03-18 22:00:58.000000000,17.357666666666667
2026-03-18 22:52:46.000000000,17.037666666666674
2026-03-18 22:12:45.000000000,12.878666666666666
2026-03-18 22:37:19.000000000,9.653666666666664
2026-03-18 22:03:29.000000000,70.97633333333334
2026-03-18 22:05:00.000000000,20.616
2026-03-18 22:29:04.000000000,8.043
2026-03-18 22:37:06.000000000,44.26933333333333
2026-03-18 22:10:54.000000000,12.648000000000001
2026-03-18 22:31:58.000000000,15.702666666666664
2026-03-18 22:42:49.000000000,11.883333333333331
2026-03-18 22:44:47.000000000,89.54466666666669
2026-03-18 22:33:37.000000000,65.33466666666666
2026-03-18 23:19:43.000000000,25.089999999999996
2026-03-18 23:43:59.000000000,29.676333333333332
2026-03-18 23:51:54.000000000,7.701333333333333
2026-03-18 23:15:21.000000000,64.35433333333334
2026-03-18 23:13:56.000000000,21.493000000000002
2026-03-18 23:09:03.000000000,13.687333333333326
2026-03-18 23:58:17.000000000,29.50733333333334
2026-03-18 23:29:04.000000000,14.178999999999998
2026-03-18 23:38:40.000000000,21.027333333333335
2026-03-18 23:55:22.000000000,8.801333333333334
2026-03-18 23:01:49.000000000,18.550333333333334
2026-03-18 23:04:12.000000000,16.482000000000003
2026-03-18 23:05:01.000000000,20.276666666666674
2026-03-19 00:50:04.000000000,13.590666666666664
2026-03-19 00:22:09.000000000,37.682
2026-03-19 00:59:08.000000000,42.23266666666665
2026-03-19 00:07:15.000000000,27.26866666666667
2026-03-19 00:22:12.000000000,26.374000000000002
2026-03-19 00:16:25.000000000,19.520666666666664
2026-03-19 00:23:34.000000000,38.07433333333333
2026-03-19 00:27:14.000000000,9.834999999999999
2026-03-19 00:37:34.000000000,30.537333333333333
2026-03-19 00:32:06.000000000,28.101333333333333
2026-03-19 00:51:55.000000000,20.393333333333327
2026-03-19 01:22:25.000000000,43.461
2026-03-19 01:25:13.000000000,30.242666666666672
2026-03-19 01:55:27.000000000,15.205000000000005
2026-03-19 01:56:45.000000000,14.461
2026-03-19 01:27:01.000000000,22.64533333333333
2026-03-19 01:13:19.000000000,9.113
2026-03-19 01:31:51.000000000,13.21466666666667
2026-03-19 01:17:17.000000000,10.815333333333331
2026-03-19 01:47:10.000000000,16.963
2026-03-19 01:17:14.000000000,21.45466666666666
2026-03-19 01:07:08.000000000,14.98933333333333
2026-03-19 02:03:57.000000000,16.11766666666667
2026-03-19 02:47:10.000000000,18.112000000000005
2026-03-19 02:53:08.000000000,64.09666666666668
2026-03-19 03:33:00.000000000,63.73300000000001
2026-03-19 03:52:07.000000000,31.90333333333333
2026-03-19 04:48:13.000000000,67.22066666666666
2026-03-19 05:53:22.000000000,10.909999999999997
2026-03-19 05:50:29.000000000,15.225999999999999
2026-03-19 05:06:12.000000000,55.775666666666666
2026-03-19 05:58:17.000000000,95.69099999999999
2026-03-19 05:34:15.000000000,15.126999999999999
2026-03-19 05:55:53.000000000,11.469666666666667
2026-03-19 05:58:33.000000000,65.52099999999997
2026-03-19 05:27:58.000000000,12.851333333333333
2026-03-19 05:22:58.000000000,10.731666666666667
2026-03-19 05:32:30.000000000,10.695333333333334
2026-03-19 05:55:58.000000000,40.769666666666666
2026-03-19 05:05:58.000000000,58.23499999999999
2026-03-19 06:16:18.000000000,15.964
2026-03-19 06:41:32.000000000,14.205333333333334
2026-03-19 06:12:34.000000000,9.500666666666666
2026-03-19 06:59:46.000000000,12.194333333333335
2026-03-19 06:50:13.000000000,20.264333333333337
2026-03-19 06:05:43.000000000,15.680666666666664
2026-03-19 06:43:35.000000000,31.001666666666665
2026-03-19 06:30:53.000000000,10.474666666666668
2026-03-19 07:12:54.000000000,13.107666666666667
2026-03-19 07:58:46.000000000,95.86166666666668
2026-03-19 07:17:07.000000000,51.71766666666667
2026-03-19 07:30:31.000000000,7.681333333333333
2026-03-19 07:20:14.000000000,14.314333333333332
2026-03-19 07:33:28.000000000,55.08166666666666
2026-03-19 07:04:53.000000000,11.834999999999999
2026-03-19 07:38:23.000000000,35.10833333333333
2026-03-19 07:50:31.000000000,8.967
2026-03-19 07:49:38.000000000,43.98833333333333
2026-03-19 07:48:31.000000000,27.981
2026-03-19 07:27:22.000000000,20.496
2026-03-19 07:44:38.000000000,56.23166666666667
2026-03-19 07:41:12.000000000,24.17866666666667
2026-03-19 07:36:22.000000000,14.318999999999997
2026-03-19 07:05:04.000000000,15.747666666666664
2026-03-19 07:00:43.000000000,9.942999999999996
2026-03-19 08:39:30.000000000,17.151666666666667
2026-03-19 08:16:10.000000000,17.347999999999995
2026-03-19 08:12:14.000000000,19.92566666666666
2026-03-19 08:26:12.000000000,11.372333333333334
2026-03-19 08:38:07.000000000,39.42100000000001
2026-03-19 08:03:56.000000000,13.894333333333334
2026-03-19 08:19:27.000000000,15.786
2026-03-19 08:07:41.000000000,19.835333333333338
2026-03-19 08:28:54.000000000,15.412666666666667
2026-03-19 08:14:57.000000000,17.465
2026-03-19 08:07:20.000000000,18.072333333333336
2026-03-19 08:00:34.000000000,16.509
2026-03-19 08:22:21.000000000,84.33433333333336
2026-03-19 08:38:47.000000000,36.94799999999999
2026-03-19 08:25:55.000000000,4.9176666666666655
2026-03-19 08:45:54.000000000,24.36333333333333
2026-03-19 08:58:22.000000000,12.258999999999995
2026-03-19 08:01:30.000000000,15.632333333333333
2026-03-19 08:55:16.000000000,7.846000000000002
2026-03-19 08:40:18.000000000,17.183666666666667
2026-03-19 09:59:33.000000000,27.944
2026-03-19 09:24:51.000000000,12.469333333333335
2026-03-19 09:01:28.000000000,15.363333333333335
2026-03-19 09:28:10.000000000,18.11966666666667
2026-03-19 09:46:39.000000000,12.464
2026-03-19 09:18:40.000000000,8.822666666666667
2026-03-19 09:24:01.000000000,10.154333333333332
2026-03-19 09:25:01.000000000,5.359000000000003
2026-03-19 09:28:50.000000000,13.638333333333332
2026-03-19 09:09:59.000000000,34.80633333333334
2026-03-19 09:42:23.000000000,16.587
2026-03-19 09:48:38.000000000,34.551666666666684
2026-03-19 09:16:10.000000000,10.163999999999998
2026-03-19 09:02:49.000000000,8.756000000000002
2026-03-19 09:11:29.000000000,15.381666666666666
2026-03-19 09:12:03.000000000,76.44166666666666
2026-03-19 09:08:54.000000000,125.19566666666665
2026-03-19 09:32:42.000000000,27.248666666666665
2026-03-19 10:51:05.000000000,9.04466666666667
2026-03-19 10:07:46.000000000,12.384000000000002
2026-03-19 10:21:49.000000000,14.831666666666667
2026-03-19 10:40:12.000000000,28.265333333333334
2026-03-19 10:04:58.000000000,36.056000000000004
2026-03-19 10:25:14.000000000,13.084
2026-03-19 10:25:25.000000000,24.73966666666667
2026-03-19 10:30:36.000000000,18.419666666666664
2026-03-19 10:53:40.000000000,32.85866666666667
2026-03-19 10:23:49.000000000,86.56799999999998
2026-03-19 11:41:06.000000000,38.18466666666667
2026-03-19 11:28:42.000000000,17.399
2026-03-19 11:49:08.000000000,38.669
2026-03-19 11:23:30.000000000,37.591666666666676
2026-03-19 11:13:27.000000000,62.325333333333326
2026-03-19 11:44:20.000000000,75.91300000000001
2026-03-19 11:08:59.000000000,9.939666666666666
2026-03-19 11:16:48.000000000,21.82166666666667
2026-03-19 11:50:26.000000000,14.650000000000002
2026-03-19 11:56:04.000000000,12.605666666666666
2026-03-19 11:07:46.000000000,27.13533333333334
2026-03-19 11:02:09.000000000,14.415333333333335
2026-03-19 11:42:41.000000000,19.47566666666667
2026-03-19 11:21:29.000000000,21.22666666666667
2026-03-19 11:44:42.000000000,17.916333333333334
2026-03-19 11:22:09.000000000,10.104666666666668
2026-03-19 11:47:41.000000000,10.715000000000003
2026-03-19 12:44:45.000000000,16.516666666666666
2026-03-19 12:34:53.000000000,41.83400000000001
2026-03-19 12:16:14.000000000,20.000333333333334
2026-03-19 12:46:03.000000000,21.739333333333327
2026-03-19 12:01:48.000000000,9.393333333333333
2026-03-19 12:45:56.000000000,10.787000000000003
2026-03-19 12:16:35.000000000,15.218333333333334
2026-03-19 12:01:31.000000000,10.645000000000003
2026-03-19 12:55:36.000000000,103.09466666666667
2026-03-19 12:43:33.000000000,27.53833333333334
2026-03-19 12:03:53.000000000,11.136666666666665
2026-03-19 12:44:32.000000000,26.07833333333333
2026-03-19 12:35:48.000000000,17.904333333333334
2026-03-19 12:10:54.000000000,12.668999999999999
2026-03-19 12:59:48.000000000,15.389000000000003
2026-03-19 12:22:35.000000000,50.38233333333333
2026-03-19 13:14:32.000000000,7.125666666666667
2026-03-19 13:51:02.000000000,23.42033333333334
2026-03-19 13:09:45.000000000,26.84499999999999
2026-03-19 13:06:59.000000000,36.82366666666667
2026-03-19 13:44:44.000000000,29.733666666666654
2026-03-19 13:15:09.000000000,22.264333333333333
2026-03-19 13:49:49.000000000,59.47299999999998
2026-03-19 13:51:23.000000000,15.777333333333337
2026-03-19 13:59:06.000000000,8.313333333333334
2026-03-19 13:34:32.000000000,27.83000000000001
2026-03-19 13:58:57.000000000,41.53666666666666
2026-03-19 13:55:00.000000000,8.708666666666668
2026-03-19 13:03:58.000000000,17.464333333333336
2026-03-19 13:37:51.000000000,39.54333333333334
2026-03-19 13:03:04.000000000,20.45133333333333
2026-03-19 13:43:48.000000000,35.22533333333333
2026-03-19 14:00:05.000000000,17.39366666666667
2026-03-19 14:16:38.000000000,70.84699999999998
2026-03-19 14:45:30.000000000,37.39466666666666
2026-03-19 14:18:11.000000000,20.408333333333335
2026-03-19 14:49:41.000000000,41.32566666666667
2026-03-19 14:40:46.000000000,128.26399999999998
2026-03-19 14:30:04.000000000,98.83966666666662
2026-03-19 14:46:29.000000000,20.538333333333334
2026-03-19 14:18:29.000000000,8.885666666666664
2026-03-19 14:32:41.000000000,32.38000000000001
2026-03-19 14:15:06.000000000,7.986999999999999
2026-03-19 14:00:41.000000000,109.931
2026-03-19 14:51:14.000000000,22.754666666666665
2026-03-19 14:32:41.000000000,11.710000000000003
2026-03-19 14:43:57.000000000,161.719
2026-03-19 14:16:03.000000000,8.705000000000002
2026-03-19 14:04:52.000000000,25.866333333333337
2026-03-19 14:33:44.000000000,76.01899999999999
2026-03-19 15:37:43.000000000,12.895666666666669
2026-03-19 15:09:54.000000000,17.02766666666667
2026-03-19 15:43:24.000000000,19.06533333333333
2026-03-19 15:29:48.000000000,36.53166666666666
2026-03-19 15:07:33.000000000,33.63566666666666
2026-03-19 15:26:25.000000000,25.042666666666666
2026-03-19 15:41:17.000000000,18.244999999999997
2026-03-19 15:56:23.000000000,65.27033333333335
2026-03-19 15:44:41.000000000,6.805666666666665
2026-03-19 15:52:08.000000000,8.405333333333333
2026-03-19 15:52:16.000000000,8.651333333333332
2026-03-19 15:20:51.000000000,7.955
2026-03-19 15:00:13.000000000,15.026999999999997
2026-03-19 15:05:01.000000000,5.733999999999999
2026-03-19 15:10:59.000000000,50.55966666666667
2026-03-19 15:01:21.000000000,48.56166666666668
2026-03-19 15:08:44.000000000,45.58766666666665
2026-03-19 15:04:43.000000000,19.235666666666663
2026-03-19 15:04:26.000000000,18.759999999999998
2026-03-19 15:55:52.000000000,8.082333333333333
2026-03-19 16:13:55.000000000,24.81233333333334
2026-03-19 16:21:08.000000000,55.16866666666665
2026-03-19 16:54:41.000000000,10.030999999999999
2026-03-19 16:46:03.000000000,241.82366666666667
2026-03-19 16:17:45.000000000,14.026999999999996
2026-03-19 16:51:19.000000000,13.227666666666668
2026-03-19 16:50:58.000000000,39.65099999999999
2026-03-19 16:55:58.000000000,21.144000000000002
2026-03-19 16:39:37.000000000,10.562333333333335
2026-03-19 16:18:30.000000000,17.460333333333327
2026-03-19 16:39:37.000000000,19.004666666666665
2026-03-19 16:26:57.000000000,13.29
2026-03-19 16:44:45.000000000,13.65533333333333
2026-03-19 16:00:30.000000000,7.934000000000001
2026-03-19 16:12:16.000000000,44.77233333333333
2026-03-19 16:56:54.000000000,38.76400000000001
2026-03-19 16:56:47.000000000,56.693
2026-03-19 16:19:57.000000000,22.24866666666667
2026-03-19 16:04:08.000000000,19.373
2026-03-19 17:30:04.000000000,27.526666666666667
2026-03-19 17:02:52.000000000,10.163666666666666
2026-03-19 17:47:45.000000000,137.09633333333335
2026-03-19 17:53:02.000000000,19.449
2026-03-19 17:03:44.000000000,34.57833333333333
2026-03-19 17:57:24.000000000,34.062
2026-03-19 17:31:13.000000000,50.42700000000001
2026-03-19 17:39:29.000000000,47.456
2026-03-19 17:14:03.000000000,27.43933333333334
2026-03-19 17:43:06.000000000,30.920000000000005
2026-03-19 17:59:34.000000000,19.590333333333337
2026-03-19 17:24:34.000000000,46.78233333333334
2026-03-19 17:08:19.000000000,13.330999999999996
2026-03-19 17:06:54.000000000,16.304333333333332
2026-03-19 17:50:59.000000000,22.245333333333328
2026-03-19 17:47:55.000000000,52.208666666666666
2026-03-19 17:42:07.000000000,27.626999999999995
2026-03-19 18:55:17.000000000,10.998333333333335
2026-03-19 18:26:38.000000000,14.896333333333333
2026-03-19 18:04:04.000000000,8.558000000000002
2026-03-19 18:23:26.000000000,8.81333333333333
2026-03-19 18:50:56.000000000,22.92
2026-03-19 18:12:34.000000000,22.084333333333333
2026-03-19 18:51:34.000000000,13.449666666666669
2026-03-19 18:41:33.000000000,133.69733333333335
2026-03-19 18:32:31.000000000,7.778666666666667
2026-03-19 18:14:18.000000000,31.718000000000004
2026-03-19 18:40:11.000000000,38.36766666666667
2026-03-19 18:44:34.000000000,8.575999999999999
2026-03-19 18:36:28.000000000,22.302000000000003
2026-03-19 18:04:06.000000000,67.93966666666668
2026-03-19 18:22:45.000000000,35.807999999999986
2026-03-19 18:34:38.000000000,24.167666666666673
2026-03-19 18:26:02.000000000,9.049666666666665
2026-03-19 18:13:35.000000000,16.383
2026-03-19 19:28:31.000000000,75.39633333333332
2026-03-19 19:59:47.000000000,6.667999999999998
2026-03-19 19:29:52.000000000,9.114666666666666
2026-03-19 19:20:43.000000000,67.32233333333333
2026-03-19 19:10:15.000000000,17.67866666666667
2026-03-19 19:21:54.000000000,22.595000000000002
2026-03-19 19:11:45.000000000,19.879000000000005
2026-03-19 19:28:34.000000000,28.494999999999994
2026-03-19 19:52:44.000000000,53.653999999999996
2026-03-19 19:46:33.000000000,20.253666666666668
2026-03-19 19:17:37.000000000,21.841000000000005
2026-03-19 19:30:50.000000000,7.827333333333335
2026-03-19 20:17:43.000000000,12.776333333333332
2026-03-19 20:45:39.000000000,7.358666666666666
2026-03-19 20:47:33.000000000,33.50899999999999
2026-03-19 20:10:27.000000000,23.525999999999996
2026-03-19 20:55:40.000000000,14.988666666666665
2026-03-19 20:49:59.000000000,24.907333333333337
2026-03-19 20:35:31.000000000,27.204
2026-03-19 20:47:57.000000000,24.739
2026-03-19 20:03:39.000000000,9.911333333333333
2026-03-19 20:41:12.000000000,42.409666666666666
2026-03-19 20:44:59.000000000,180.3046666666667
2026-03-19 20:08:41.000000000,29.328666666666667
2026-03-19 20:08:40.000000000,49.99833333333334
2026-03-19 20:46:43.000000000,35.761333333333326
2026-03-19 20:14:31.000000000,16.104
2026-03-19 20:06:42.000000000,19.03166666666667
2026-03-19 20:27:31.000000000,27.16466666666668
2026-03-19 20:25:25.000000000,33.598
2026-03-19 20:35:26.000000000,35.558333333333344
2026-03-19 20:20:54.000000000,24.240000000000002
2026-03-19 21:29:04.000000000,10.292333333333334
2026-03-19 21:19:11.000000000,8.235000000000001
2026-03-19 21:22:08.000000000,38.93399999999999
2026-03-19 21:08:51.000000000,7.236666666666665
2026-03-19 21:40:54.000000000,109.63366666666666
2026-03-19 21:41:41.000000000,22.848000000000003
2026-03-19 21:27:41.000000000,46.005666666666656
2026-03-19 21:05:18.000000000,68.19633333333334
2026-03-19 21:49:25.000000000,18.080333333333336
2026-03-19 21:41:44.000000000,74.56866666666669
2026-03-19 21:08:02.000000000,32.648
2026-03-19 21:56:56.000000000,15.956999999999995
2026-03-19 22:13:46.000000000,49.48533333333334
2026-03-19 22:30:13.000000000,10.787666666666665
2026-03-19 22:11:18.000000000,16.88033333333333
2026-03-19 22:26:53.000000000,10.185333333333336
2026-03-19 22:25:53.000000000,11.668666666666665
2026-03-19 22:36:34.000000000,80.87533333333336
2026-03-19 22:27:11.000000000,26.694333333333326
2026-03-19 22:44:50.000000000,69.90866666666668
2026-03-19 22:33:36.000000000,30.677666666666667
2026-03-19 22:32:18.000000000,110.60799999999999
2026-03-19 22:03:44.000000000,30.32033333333333
2026-03-19 22:22:44.000000000,15.093999999999998
2026-03-19 22:27:44.000000000,41.278666666666666
2026-03-19 23:49:02.000000000,7.325666666666666
2026-03-19 23:28:06.000000000,12.841
2026-03-19 23:55:14.000000000,34.67999999999999
2026-03-19 23:27:28.000000000,6.736666666666666
2026-03-19 23:04:17.000000000,140.85066666666663
2026-03-19 23:14:11.000000000,7.303333333333333
2026-03-19 23:22:08.000000000,49.497
2026-03-19 23:22:45.000000000,35.74199999999999
2026-03-19 23:32:25.000000000,37.66866666666667
2026-03-19 23:22:00.000000000,6.283
2026-03-19 23:01:50.000000000,23.632666666666672
2026-03-19 23:22:41.000000000,8.566666666666666
2026-03-20 00:14:07.000000000,15.182666666666666
2026-03-20 00:46:32.000000000,10.501666666666669
2026-03-20 00:49:52.000000000,21.94133333333333
2026-03-20 00:09:38.000000000,19.171000000000003
2026-03-20 00:43:05.000000000,28.091666666666665
2026-03-20 00:37:56.000000000,19.922333333333334
2026-03-20 00:37:53.000000000,16.86266666666667
2026-03-20 01:36:21.000000000,18.740333333333336
2026-03-20 01:49:11.000000000,9.022333333333336
2026-03-20 01:05:07.000000000,37.95466666666667
2026-03-20 01:55:49.000000000,12.629333333333335
2026-03-20 01:37:11.000000000,125.42866666666666
2026-03-20 01:34:51.000000000,11.030000000000001
2026-03-20 01:59:14.000000000,10.659333333333333
2026-03-20 01:04:36.000000000,10.724333333333334
2026-03-20 02:11:17.000000000,6.480000000000002
2026-03-20 02:51:57.000000000,7.37
2026-03-20 02:47:51.000000000,63.650666666666666
2026-03-20 02:03:29.000000000,43.129
2026-03-20 02:51:47.000000000,34.36533333333334
2026-03-20 03:34:59.000000000,17.03266666666667
2026-03-20 03:13:32.000000000,12.037666666666668
2026-03-20 03:59:34.000000000,45.523333333333326
2026-03-20 03:23:01.000000000,32.27533333333333
2026-03-20 04:28:39.000000000,35.140333333333324
2026-03-20 04:25:00.000000000,36.723333333333336
2026-03-20 04:46:26.000000000,41.275000000000006
2026-03-20 04:19:20.000000000,56.16666666666667
2026-03-20 04:19:52.000000000,24.446
2026-03-20 05:41:40.000000000,11.396666666666668
2026-03-20 05:19:43.000000000,32.02833333333332
2026-03-20 05:18:27.000000000,5.729666666666666
2026-03-20 05:44:50.000000000,24.32133333333333
2026-03-20 05:21:47.000000000,67.49633333333334
2026-03-20 06:57:15.000000000,25.63233333333333
2026-03-20 06:24:38.000000000,8.147
2026-03-20 06:09:09.000000000,16.45533333333333
2026-03-20 06:44:33.000000000,16.629666666666665
2026-03-20 06:24:52.000000000,12.670666666666667
2026-03-20 07:53:11.000000000,91.73100000000001
2026-03-20 07:58:26.000000000,46.45799999999998
2026-03-20 07:44:24.000000000,57.22
2026-03-20 07:45:17.000000000,32.748000000000005
2026-03-20 07:52:46.000000000,20.595000000000002
2026-03-20 07:26:05.000000000,9.681999999999999
2026-03-20 07:13:30.000000000,20.645
2026-03-20 07:02:46.000000000,21.87566666666667
2026-03-20 07:27:18.000000000,20.407999999999994
2026-03-20 07:11:41.000000000,57.994333333333344
2026-03-20 07:15:48.000000000,27.93633333333332
2026-03-20 07:58:27.000000000,23.566333333333333
2026-03-20 07:41:25.000000000,20.718666666666664
2026-03-20 07:54:43.000000000,27.076666666666664
2026-03-20 07:03:39.000000000,23.310333333333332
2026-03-20 07:13:10.000000000,8.386666666666667
2026-03-20 07:15:41.000000000,8.348666666666665
2026-03-20 07:56:26.000000000,16.032
2026-03-20 07:50:40.000000000,9.229999999999999
2026-03-20 08:22:24.000000000,35.010000000000005
2026-03-20 08:38:54.000000000,17.425
2026-03-20 08:38:30.000000000,100.82066666666668
2026-03-20 08:26:06.000000000,25.297666666666675
2026-03-20 08:18:02.000000000,20.392333333333337
2026-03-20 08:22:14.000000000,6.231666666666666
2026-03-20 08:02:57.000000000,23.297666666666665
2026-03-20 08:26:43.000000000,8.068333333333333
2026-03-20 08:40:17.000000000,100.93566666666668
2026-03-20 08:00:51.000000000,35.910000000000004
2026-03-20 08:05:06.000000000,18.623333333333335
2026-03-20 08:20:46.000000000,7.623666666666666
2026-03-20 08:04:16.000000000,8.256333333333336
2026-03-20 08:27:29.000000000,13.072666666666665
2026-03-20 08:21:06.000000000,27.87833333333333
2026-03-20 08:41:47.000000000,41.838333333333345
2026-03-20 08:45:05.000000000,179.88600000000002
2026-03-20 08:18:29.000000000,28.246666666666666
2026-03-20 08:08:27.000000000,15.419666666666663
2026-03-20 09:55:24.000000000,10.205333333333334
2026-03-20 09:11:32.000000000,34.62166666666668
2026-03-20 09:11:15.000000000,25.69866666666666
2026-03-20 09:19:41.000000000,15.37266666666667
2026-03-20 09:20:39.000000000,21.205333333333332
2026-03-20 09:54:10.000000000,40.09566666666667
2026-03-20 09:20:36.000000000,26.794666666666664
2026-03-20 09:17:00.000000000,64.76766666666666
2026-03-20 09:17:18.000000000,25.81466666666667
2026-03-20 09:10:09.000000000,34.48799999999999
2026-03-20 09:11:49.000000000,19.13366666666667
2026-03-20 09:59:50.000000000,14.072666666666663
2026-03-20 09:02:31.000000000,9.546666666666665
2026-03-20 09:22:25.000000000,15.545333333333335
2026-03-20 09:17:44.000000000,30.738
2026-03-20 09:40:18.000000000,9.821333333333335
2026-03-20 09:44:36.000000000,7.3726666666666665
2026-03-20 09:40:30.000000000,30.41566666666667
2026-03-20 10:49:49.000000000,37.32399999999999
2026-03-20 10:20:09.000000000,20.487666666666666
2026-03-20 10:32:18.000000000,25.391666666666673
2026-03-20 10:41:47.000000000,70.07433333333333
2026-03-20 10:00:24.000000000,91.931
2026-03-20 10:57:25.000000000,10.768666666666665
2026-03-20 10:54:45.000000000,13.30166666666667
2026-03-20 10:48:19.000000000,19.991
2026-03-20 10:02:00.000000000,21.769000000000002
2026-03-20 10:10:30.000000000,11.528666666666668
2026-03-20 10:30:01.000000000,19.05
2026-03-20 10:52:10.000000000,19.082999999999995
2026-03-20 10:02:38.000000000,19.974999999999998
2026-03-20 10:46:39.000000000,30.01533333333333
2026-03-20 10:26:34.000000000,20.572333333333336
2026-03-20 10:49:35.000000000,7.970333333333334
2026-03-20 10:04:22.000000000,25.789666666666665
2026-03-20 10:33:44.000000000,9.165
2026-03-20 11:25:58.000000000,34.273
2026-03-20 11:54:57.000000000,22.158
2026-03-20 11:31:26.000000000,15.115000000000002
2026-03-20 11:25:43.000000000,6.543333333333334
2026-03-20 11:13:18.000000000,16.84466666666666
2026-03-20 11:53:10.000000000,105.32199999999999
2026-03-20 11:16:47.000000000,106.188
2026-03-20 11:13:50.000000000,10.531
2026-03-20 11:42:38.000000000,24.014
2026-03-20 11:12:56.000000000,40.30499999999999
2026-03-20 11:28:48.000000000,21.855333333333327
2026-03-20 11:50:52.000000000,19.291
2026-03-20 11:19:50.000000000,34.89233333333333
2026-03-20 11:05:07.000000000,22.029333333333334
2026-03-20 11:05:35.000000000,30.50333333333333
2026-03-20 11:35:51.000000000,28.409666666666674
2026-03-20 11:27:09.000000000,13.173000000000004
2026-03-20 11:41:55.000000000,6.980999999999999
2026-03-20 11:32:58.000000000,11.703000000000001
2026-03-20 11:57:59.000000000,17.864666666666665
2026-03-20 12:26:04.000000000,11.403999999999998
2026-03-20 12:41:45.000000000,6.235333333333335
2026-03-20 12:25:36.000000000,93.192
2026-03-20 12:11:06.000000000,9.651333333333334
2026-03-20 12:07:57.000000000,24.01266666666667
2026-03-20 12:35:49.000000000,34.24166666666667
2026-03-20 12:57:42.000000000,88.39366666666666
2026-03-20 12:48:57.000000000,37.87066666666668
2026-03-20 12:05:43.000000000,25.642666666666663
2026-03-20 12:56:02.000000000,8.798333333333336
2026-03-20 13:15:48.000000000,39.191
2026-03-20 13:04:16.000000000,33.56633333333334
2026-03-20 13:20:42.000000000,38.686333333333344
2026-03-20 13:27:16.000000000,14.865666666666666
2026-03-20 13:26:39.000000000,16.921
2026-03-20 13:53:46.000000000,94.92000000000002
2026-03-20 13:59:43.000000000,23.32233333333333
2026-03-20 13:35:55.000000000,28.675666666666665
2026-03-20 13:47:04.000000000,20.396000000000004
2026-03-20 13:12:38.000000000,21.438000000000002
2026-03-20 13:36:12.000000000,11.886666666666665
2026-03-20 13:56:41.000000000,24.04933333333334
2026-03-20 13:01:37.000000000,12.324000000000002
2026-03-20 13:09:38.000000000,11.022
2026-03-20 13:29:24.000000000,42.527333333333345
2026-03-20 13:42:50.000000000,25.614999999999995
2026-03-20 13:00:11.000000000,10.632000000000001
2026-03-20 14:01:41.000000000,13.03733333333333
2026-03-20 14:39:49.000000000,25.730000000000004
2026-03-20 14:17:22.000000000,9.62166666666667
2026-03-20 14:52:01.000000000,10.049000000000003
2026-03-20 14:42:46.000000000,35.17966666666667
2026-03-20 14:55:21.000000000,17.711333333333336
2026-03-20 14:30:32.000000000,37.83166666666667
2026-03-20 14:35:55.000000000,11.355333333333334
2026-03-20 14:43:13.000000000,65.38300000000001
2026-03-20 14:00:08.000000000,19.880333333333333
2026-03-20 14:36:47.000000000,70.52
2026-03-20 14:37:09.000000000,52.937666666666665
2026-03-20 14:56:46.000000000,31.65066666666667
2026-03-20 14:16:12.000000000,38.62366666666666
2026-03-20 14:14:18.000000000,35.45933333333333
2026-03-20 14:13:31.000000000,14.350000000000005
2026-03-20 14:50:40.000000000,45.374333333333325
2026-03-20 15:32:20.000000000,78.06533333333336
2026-03-20 15:40:39.000000000,11.963666666666667
2026-03-20 15:36:15.000000000,19.627
2026-03-20 15:51:58.000000000,23.905000000000005
2026-03-20 15:02:04.000000000,7.400333333333332
2026-03-20 15:01:17.000000000,29.496
2026-03-20 15:30:09.000000000,11.613666666666665
2026-03-20 15:41:45.000000000,27.334333333333333
2026-03-20 15:37:37.000000000,15.321333333333335
2026-03-20 15:24:17.000000000,244.31466666666665
2026-03-20 15:51:07.000000000,17.662333333333333
2026-03-20 15:20:43.000000000,70.838
2026-03-20 15:35:26.000000000,15.798333333333328
2026-03-20 15:34:44.000000000,68.27233333333334
2026-03-20 16:52:14.000000000,71.62233333333334
2026-03-20 16:15:31.000000000,30.40066666666667
2026-03-20 16:42:24.000000000,5.748000000000001
2026-03-20 16:29:59.000000000,15.982000000000003
2026-03-20 16:12:11.000000000,99.31033333333335
2026-03-20 16:32:45.000000000,22.54133333333333
2026-03-20 16:42:18.000000000,49.03833333333334
2026-03-20 16:58:18.000000000,7.962
2026-03-20 16:49:30.000000000,8.43
2026-03-20 16:22:14.000000000,13.785999999999998
2026-03-20 16:16:20.000000000,15.470333333333333
2026-03-20 16:24:19.000000000,11.885000000000002
2026-03-20 16:53:24.000000000,4.865333333333335
2026-03-20 16:40:28.000000000,18.502666666666666
2026-03-20 16:45:02.000000000,9.434333333333333
2026-03-20 16:21:21.000000000,58.328999999999986
2026-03-20 17:44:50.000000000,41.667333333333346
2026-03-20 17:02:21.000000000,15.120333333333331
2026-03-20 17:05:26.000000000,12.226333333333331
2026-03-20 17:31:16.000000000,14.365666666666666
2026-03-20 17:48:50.000000000,28.804000000000006
2026-03-20 17:48:23.000000000,76.69966666666667
2026-03-20 17:20:37.000000000,12.049666666666665
2026-03-20 17:39:28.000000000,23.02300000000001
2026-03-20 17:50:45.000000000,21.775666666666666
2026-03-20 17:03:42.000000000,7.818666666666667
2026-03-20 17:36:39.000000000,13.25
2026-03-20 17:20:31.000000000,10.232000000000001
2026-03-20 17:08:37.000000000,13.71566666666667
2026-03-20 17:23:07.000000000,7.228666666666667
2026-03-20 17:56:35.000000000,17.773000000000003
2026-03-20 17:51:03.000000000,10.325333333333335
2026-03-20 17:56:30.000000000,9.894333333333332
2026-03-20 17:23:43.000000000,7.0249999999999995
2026-03-20 18:24:08.000000000,25.325333333333326
2026-03-20 18:35:09.000000000,24.095666666666666
2026-03-20 18:05:37.000000000,11.907666666666666
2026-03-20 18:07:03.000000000,23.263999999999996
2026-03-20 18:13:52.000000000,10.656333333333329
2026-03-20 18:49:17.000000000,9.079
2026-03-20 18:08:42.000000000,11.787333333333338
2026-03-20 18:36:20.000000000,29.09833333333334
2026-03-20 18:54:26.000000000,16.506666666666664
2026-03-20 18:22:49.000000000,9.382666666666664
2026-03-20 18:27:43.000000000,23.293
2026-03-20 18:49:18.000000000,15.087000000000002
2026-03-20 18:30:32.000000000,15.528333333333338
2026-03-20 18:29:41.000000000,16.63866666666667
2026-03-20 18:31:20.000000000,21.532
2026-03-20 18:55:06.000000000,10.270999999999995
2026-03-20 18:10:18.000000000,7.441000000000002
2026-03-20 19:23:45.000000000,18.295666666666666
2026-03-20 19:18:42.000000000,18.074333333333335
2026-03-20 19:25:54.000000000,41.763333333333335
2026-03-20 19:44:35.000000000,25.230999999999998
2026-03-20 19:10:42.000000000,21.851666666666663
2026-03-20 19:16:51.000000000,38.005
2026-03-20 19:13:35.000000000,25.56733333333333
2026-03-20 19:17:12.000000000,17.386333333333333
2026-03-20 19:27:25.000000000,72.81233333333334
2026-03-20 19:52:54.000000000,17.621333333333332
2026-03-20 19:31:15.000000000,16.494333333333337
2026-03-20 19:27:54.000000000,20.882333333333335
2026-03-20 19:56:45.000000000,5.658333333333334
2026-03-20 19:00:10.000000000,71.33033333333334
2026-03-20 19:22:11.000000000,6.260333333333334
2026-03-20 19:32:15.000000000,9.873
2026-03-20 19:23:09.000000000,20.026999999999997
2026-03-20 20:07:06.000000000,20.049
2026-03-20 20:29:52.000000000,37.1
2026-03-20 20:35:32.000000000,27.613333333333326
2026-03-20 20:39:01.000000000,6.613333333333333
2026-03-20 20:46:10.000000000,8.87
2026-03-20 20:51:28.000000000,8.225
2026-03-20 20:16:39.000000000,42.62699999999999
2026-03-20 20:56:00.000000000,10.543666666666667
2026-03-20 20:25:26.000000000,14.484999999999998
2026-03-20 20:45:59.000000000,27.259333333333327
2026-03-20 20:57:33.000000000,15.374333333333334
2026-03-20 20:02:55.000000000,35.52166666666667
2026-03-20 20:40:35.000000000,11.818666666666665
2026-03-20 20:15:51.000000000,13.707666666666665
2026-03-20 20:31:22.000000000,17.18166666666667
2026-03-20 20:43:44.000000000,16.956333333333326
2026-03-20 20:42:54.000000000,20.566666666666666
2026-03-20 20:16:26.000000000,50.32533333333333
2026-03-20 20:08:35.000000000,9.959333333333335
2026-03-20 20:22:02.000000000,19.40633333333333
2026-03-20 20:44:19.000000000,28.604666666666663
2026-03-20 21:20:38.000000000,28.929666666666666
2026-03-20 21:42:51.000000000,14.396666666666667
2026-03-20 21:03:00.000000000,36.372
2026-03-20 21:24:55.000000000,13.630999999999998
2026-03-20 21:47:37.000000000,5.893666666666666
2026-03-20 21:00:19.000000000,5.331999999999999
2026-03-20 21:36:23.000000000,18.09666666666666
2026-03-20 21:53:18.000000000,42.662
2026-03-20 21:32:09.000000000,13.488
2026-03-20 21:52:30.000000000,20.640666666666657
2026-03-20 21:07:50.000000000,28.322666666666674
2026-03-20 21:57:25.000000000,17.69566666666667
2026-03-20 21:54:01.000000000,91.264
2026-03-20 21:59:43.000000000,183.92233333333337
2026-03-20 21:14:09.000000000,41.548666666666676
2026-03-20 21:39:30.000000000,28.56966666666666
2026-03-20 21:12:32.000000000,28.30933333333334
2026-03-20 21:24:59.000000000,7.127333333333332
2026-03-20 21:29:30.000000000,11.306333333333333
2026-03-20 21:29:48.000000000,16.730999999999998
2026-03-20 21:36:54.000000000,33.18800000000001
2026-03-20 21:01:30.000000000,10.101333333333336
2026-03-20 21:19:05.000000000,43.24033333333333
2026-03-20 21:21:15.000000000,32.071
2026-03-20 21:42:18.000000000,30.533000000000005
2026-03-20 22:43:35.000000000,17.481333333333335
2026-03-20 22:56:02.000000000,50.514
2026-03-20 22:49:13.000000000,16.809333333333335
2026-03-20 22:30:45.000000000,24.158333333333335
2026-03-20 22:02:58.000000000,8.198333333333334
2026-03-20 22:22:44.000000000,39.823
2026-03-20 22:29:04.000000000,66.71533333333335
2026-03-20 22:12:16.000000000,46.173666666666655
2026-03-20 22:17:25.000000000,13.759333333333334
2026-03-20 22:26:38.000000000,58.550999999999995
2026-03-20 22:28:01.000000000,9.833666666666664
2026-03-20 22:28:34.000000000,18.028666666666666
2026-03-20 22:27:24.000000000,55.43100000000001
2026-03-20 23:35:47.000000000,43.154666666666685
2026-03-20 23:43:23.000000000,51.78099999999997
2026-03-20 23:43:06.000000000,50.98299999999999
2026-03-20 23:30:21.000000000,16.568666666666665
2026-03-20 23:07:24.000000000,62.053333333333335
2026-03-20 23:14:40.000000000,15.252666666666668
2026-03-20 23:40:24.000000000,34.01966666666667
2026-03-20 23:25:52.000000000,13.974000000000002
2026-03-20 23:49:52.000000000,25.813666666666663
2026-03-20 23:57:12.000000000,66.966
2026-03-20 23:20:45.000000000,9.892666666666669
2026-03-20 23:18:12.000000000,24.113666666666674
2026-03-20 23:58:36.000000000,19.206333333333337
2026-03-20 23:52:23.000000000,51.40400000000001
2026-03-20 23:54:12.000000000,30.577
2026-03-20 23:47:08.000000000,48.985000000000014
2026-03-20 23:45:03.000000000,47.96166666666665
2026-03-20 23:08:24.000000000,14.954000000000002
2026-03-20 23:24:00.000000000,32.154999999999994
2026-03-20 23:31:10.000000000,42.92166666666666
2026-03-21 00:39:12.000000000,21.84733333333333
2026-03-21 00:42:03.000000000,28.516999999999992
2026-03-21 00:39:24.000000000,14.433
2026-03-21 00:40:51.000000000,14.004666666666667
2026-03-21 00:53:51.000000000,39.26966666666668
2026-03-21 00:53:43.000000000,40.69433333333334
2026-03-21 00:40:15.000000000,25.083000000000013
2026-03-21 00:48:38.000000000,26.027333333333328
2026-03-21 00:59:17.000000000,10.842666666666668
2026-03-21 00:01:57.000000000,15.130666666666661
2026-03-21 01:13:27.000000000,36.599
2026-03-21 01:52:17.000000000,15.858666666666664
2026-03-21 01:29:23.000000000,13.893999999999998
2026-03-21 01:49:08.000000000,24.887333333333327
2026-03-21 01:39:43.000000000,51.827333333333335
2026-03-21 01:01:59.000000000,54.13833333333333
2026-03-21 01:47:58.000000000,6.893999999999999
2026-03-21 01:35:40.000000000,20.093333333333337
2026-03-21 01:02:34.000000000,11.075999999999999
2026-03-21 01:00:16.000000000,20.96
2026-03-21 01:55:01.000000000,12.500333333333328
2026-03-21 02:12:36.000000000,11.756
2026-03-21 02:22:15.000000000,6.2650000000000015
2026-03-21 02:36:29.000000000,12.963
2026-03-21 02:16:05.000000000,13.677999999999999
2026-03-21 02:09:43.000000000,8.196
2026-03-21 02:24:36.000000000,19.096
2026-03-21 02:08:57.000000000,9.739666666666668
2026-03-21 02:16:09.000000000,8.428333333333333
2026-03-21 02:28:44.000000000,14.773000000000001
2026-03-21 03:07:16.000000000,27.498333333333328
2026-03-21 03:15:23.000000000,49.04866666666667
2026-03-21 03:10:17.000000000,18.325
2026-03-21 03:47:06.000000000,7.022000000000001
2026-03-21 03:23:38.000000000,19.211999999999996
2026-03-21 04:06:05.000000000,30.018000000000015
2026-03-21 04:26:15.000000000,73.04333333333332
2026-03-21 04:33:17.000000000,45.711999999999996
2026-03-21 04:29:18.000000000,26.84233333333333
2026-03-21 04:14:46.000000000,44.56799999999999
2026-03-21 04:44:20.000000000,28.630333333333336
2026-03-21 04:10:42.000000000,25.38766666666667
2026-03-21 05:24:12.000000000,18.578
2026-03-21 05:15:06.000000000,66.19666666666666
2026-03-21 05:52:53.000000000,11.025333333333332
2026-03-21 05:00:42.000000000,67.08366666666664
2026-03-21 05:07:41.000000000,28.826000000000004
2026-03-21 06:25:06.000000000,24.16966666666667
2026-03-21 06:28:40.000000000,24.95433333333333
2026-03-21 06:11:57.000000000,15.439333333333332
2026-03-21 06:45:32.000000000,68.28033333333333
2026-03-21 06:15:21.000000000,13.25333333333333
2026-03-21 06:30:43.000000000,11.630666666666666
2026-03-21 06:21:52.000000000,17.97466666666667
2026-03-21 06:51:10.000000000,26.407999999999994
2026-03-21 06:34:01.000000000,24.268666666666668
2026-03-21 06:08:00.000000000,21.203
2026-03-21 06:01:55.000000000,55.97999999999998
2026-03-21 06:08:48.000000000,13.850999999999996
2026-03-21 06:01:53.000000000,8.928666666666665
2026-03-21 06:56:04.000000000,28.880999999999997
2026-03-21 07:21:25.000000000,25.692666666666664
2026-03-21 07:14:18.000000000,11.324666666666669
2026-03-21 07:55:45.000000000,14.486333333333338
2026-03-21 07:36:21.000000000,38.181666666666665
2026-03-21 07:00:09.000000000,11.493000000000002
2026-03-21 07:36:43.000000000,23.923999999999996
2026-03-21 07:09:00.000000000,13.379666666666669
2026-03-21 07:03:45.000000000,33.065
2026-03-21 07:17:02.000000000,18.540333333333333
2026-03-21 07:10:35.000000000,27.675333333333334
2026-03-21 08:28:05.000000000,6.419333333333333
2026-03-21 08:20:25.000000000,10.160666666666666
2026-03-21 08:44:17.000000000,15.130333333333333
2026-03-21 08:56:44.000000000,13.107333333333333
2026-03-21 08:44:17.000000000,165.0933333333333
2026-03-21 08:51:15.000000000,12.787333333333335
2026-03-21 09:49:11.000000000,24.253333333333334
2026-03-21 09:33:04.000000000,11.451999999999998
2026-03-21 09:26:32.000000000,6.9576666666666656
2026-03-21 09:44:13.000000000,8.7
2026-03-21 09:49:27.000000000,21.398333333333333
2026-03-21 09:57:48.000000000,11.709999999999999
2026-03-21 09:31:40.000000000,12.088
2026-03-21 09:36:55.000000000,114.80733333333333
2026-03-21 09:09:04.000000000,9.831666666666665
2026-03-21 09:55:38.000000000,9.494666666666667
2026-03-21 09:59:44.000000000,127.31033333333332
2026-03-21 09:31:11.000000000,12.240666666666664
2026-03-21 09:25:50.000000000,23.267999999999994
2026-03-21 10:36:39.000000000,13.68966666666667
2026-03-21 10:30:48.000000000,40.23733333333333
2026-03-21 10:20:23.000000000,22.34933333333333
2026-03-21 10:09:13.000000000,35.611666666666665
2026-03-21 10:02:18.000000000,24.681
2026-03-21 10:52:16.000000000,8.902666666666665
2026-03-21 10:00:33.000000000,13.375333333333336
2026-03-21 10:14:55.000000000,30.409333333333333
2026-03-21 10:52:12.000000000,38.469666666666654
2026-03-21 10:38:01.000000000,14.028333333333336
2026-03-21 10:52:21.000000000,21.818666666666665
2026-03-21 10:35:21.000000000,8.766
2026-03-21 10:27:06.000000000,16.941333333333333
2026-03-21 10:10:53.000000000,18.906999999999996
2026-03-21 10:24:01.000000000,97.73433333333337
2026-03-21 11:01:17.000000000,8.772999999999996
2026-03-21 11:12:04.000000000,48.06433333333333
2026-03-21 11:10:21.000000000,13.597666666666669
2026-03-21 11:50:00.000000000,8.152
2026-03-21 11:15:16.000000000,18.77566666666667
2026-03-21 11:13:05.000000000,18.240999999999996
2026-03-21 11:28:49.000000000,11.181333333333336
2026-03-21 11:33:11.000000000,12.725999999999996
2026-03-21 11:34:34.000000000,13.124666666666668
2026-03-21 11:11:32.000000000,6.9913333333333325
2026-03-21 11:51:17.000000000,22.799666666666667
2026-03-21 11:12:34.000000000,12.433
2026-03-21 11:20:22.000000000,7.291666666666669
2026-03-21 12:18:54.000000000,14.143333333333338
2026-03-21 12:52:41.000000000,36.83166666666668
2026-03-21 12:24:07.000000000,15.175333333333334
2026-03-21 12:11:40.000000000,8.717
2026-03-21 12:26:44.000000000,15.545333333333334
2026-03-21 12:12:28.000000000,7.111333333333333
2026-03-21 12:03:09.000000000,27.520000000000003
2026-03-21 12:48:19.000000000,22.040999999999997
2026-03-21 12:06:50.000000000,66.059
2026-03-21 12:05:34.000000000,27.701999999999998
2026-03-21 12:30:45.000000000,56.76599999999998
2026-03-21 12:23:59.000000000,6.712333333333333
2026-03-21 12:51:24.000000000,27.868666666666673
2026-03-21 12:08:42.000000000,12.002
2026-03-21 12:50:15.000000000,40.64133333333333
2026-03-21 12:48:44.000000000,7.612333333333334
2026-03-21 12:22:17.000000000,17.096333333333334
2026-03-21 13:22:24.000000000,14.571666666666664
2026-03-21 13:56:55.000000000,12.709666666666667
2026-03-21 13:32:14.000000000,8.086666666666668
2026-03-21 13:18:36.000000000,32.97966666666666
2026-03-21 13:46:14.000000000,34.489333333333335
2026-03-21 13:04:08.000000000,46.72833333333334
2026-03-21 13:47:27.000000000,9.636333333333335
2026-03-21 13:06:17.000000000,10.816000000000003
2026-03-21 13:25:31.000000000,49.862999999999985
2026-03-21 13:56:57.000000000,16.037000000000003
2026-03-21 13:30:31.000000000,21.86033333333334
2026-03-21 13:17:28.000000000,21.337000000000003
2026-03-21 13:05:34.000000000,23.462999999999997
2026-03-21 13:23:37.000000000,9.885666666666667
2026-03-21 13:08:20.000000000,65.01866666666668
2026-03-21 13:54:29.000000000,23.485999999999997
2026-03-21 13:45:43.000000000,70.75166666666665
2026-03-21 13:34:02.000000000,20.439666666666668
2026-03-21 13:18:48.000000000,21.560999999999996
2026-03-21 13:36:35.000000000,15.828999999999999
2026-03-21 13:47:08.000000000,19.397666666666666
2026-03-21 13:51:53.000000000,90.94333333333331
2026-03-21 13:50:13.000000000,8.563333333333334
2026-03-21 13:05:46.000000000,20.522000000000006
2026-03-21 13:35:00.000000000,51.073666666666675
2026-03-21 14:02:52.000000000,32.11266666666666
2026-03-21 14:31:57.000000000,17.627
2026-03-21 14:36:32.000000000,39.848666666666674
2026-03-21 14:03:51.000000000,32.97966666666667
2026-03-21 14:02:35.000000000,58.008
2026-03-21 14:32:50.000000000,21.59866666666667
2026-03-21 14:32:21.000000000,16.862666666666662
2026-03-21 14:12:40.000000000,14.634666666666666
2026-03-21 14:32:12.000000000,19.450333333333333
2026-03-21 14:33:41.000000000,27.017666666666674
2026-03-21 14:42:52.000000000,27.996
2026-03-21 14:48:23.000000000,16.85366666666667
2026-03-21 14:18:17.000000000,19.330666666666666
2026-03-21 14:44:02.000000000,13.461666666666668
2026-03-21 14:20:26.000000000,20.860000000000003
2026-03-21 14:06:58.000000000,29.16866666666667
2026-03-21 14:46:45.000000000,46.04733333333332
2026-03-21 14:03:15.000000000,59.59833333333332
2026-03-21 14:49:14.000000000,28.676666666666666
2026-03-21 14:05:55.000000000,18.705666666666673
2026-03-21 14:13:57.000000000,117.56366666666666
2026-03-21 14:33:03.000000000,10.960666666666667
2026-03-21 14:17:19.000000000,72.66233333333334
2026-03-21 15:32:06.000000000,9.397000000000002
2026-03-21 15:06:46.000000000,11.591000000000001
2026-03-21 15:23:00.000000000,16.645999999999997
2026-03-21 15:17:07.000000000,43.595333333333336
2026-03-21 15:41:01.000000000,12.955333333333334
2026-03-21 15:32:55.000000000,51.539999999999985
2026-03-21 15:01:40.000000000,7.977666666666666
2026-03-21 15:39:52.000000000,9.992333333333335
2026-03-21 15:13:38.000000000,39.515
2026-03-21 15:47:53.000000000,7.1016666666666675
2026-03-21 15:12:06.000000000,24.437
2026-03-21 15:26:39.000000000,30.675999999999995
2026-03-21 15:06:32.000000000,23.383666666666674
2026-03-21 15:01:40.000000000,21.449333333333332
2026-03-21 15:25:19.000000000,26.27466666666667
2026-03-21 15:40:31.000000000,21.364333333333335
2026-03-21 15:34:23.000000000,23.711333333333336
2026-03-21 15:23:28.000000000,9.081
2026-03-21 15:39:05.000000000,15.624333333333338
2026-03-21 15:15:57.000000000,47.231666666666655
2026-03-21 15:07:46.000000000,79.50333333333333
2026-03-21 16:47:18.000000000,213.73166666666668
2026-03-21 16:25:39.000000000,12.92866666666667
2026-03-21 16:00:13.000000000,26.161
2026-03-21 16:45:53.000000000,9.412333333333335
2026-03-21 16:20:02.000000000,53.306666666666665
2026-03-21 16:15:46.000000000,9.134666666666664
2026-03-21 16:13:10.000000000,27.25733333333333
2026-03-21 16:30:32.000000000,15.862333333333332
2026-03-21 16:05:25.000000000,21.462333333333337
2026-03-21 16:50:23.000000000,12.382333333333332
2026-03-21 16:16:12.000000000,40.01833333333333
2026-03-21 16:31:56.000000000,113.83833333333331
2026-03-21 16:57:23.000000000,116.96366666666667
2026-03-21 16:09:29.000000000,28.45433333333333
2026-03-21 16:43:21.000000000,15.81733333333333
2026-03-21 16:38:54.000000000,37.49866666666666
2026-03-21 16:38:39.000000000,14.782999999999998
2026-03-21 16:39:07.000000000,52.20133333333333
2026-03-21 16:11:28.000000000,10.368666666666666
2026-03-21 16:38:38.000000000,23.688000000000002
2026-03-21 17:18:11.000000000,39.593666666666664
2026-03-21 17:56:32.000000000,35.88266666666666
2026-03-21 17:47:16.000000000,24.299999999999997
2026-03-21 17:04:06.000000000,22.596000000000004
2026-03-21 17:02:32.000000000,52.46200000000001
2026-03-21 17:32:39.000000000,41.038333333333334
2026-03-21 17:12:57.000000000,23.78166666666666
2026-03-21 17:10:34.000000000,91.89133333333334
2026-03-21 17:49:21.000000000,30.502666666666666
2026-03-21 17:41:56.000000000,21.418333333333333
2026-03-21 17:30:13.000000000,48.20066666666666
2026-03-21 17:54:33.000000000,9.027999999999997
2026-03-21 17:44:26.000000000,16.615000000000002
2026-03-21 17:40:54.000000000,22.943
2026-03-21 17:19:42.000000000,10.596333333333336
2026-03-21 17:27:04.000000000,19.781999999999993
2026-03-21 17:58:02.000000000,10.262333333333332
2026-03-21 17:04:10.000000000,21.02433333333333
2026-03-21 17:25:41.000000000,32.39766666666666
2026-03-21 17:30:30.000000000,10.612000000000002
2026-03-21 17:56:25.000000000,14.228666666666665
2026-03-21 18:41:04.000000000,18.803666666666672
2026-03-21 18:56:37.000000000,9.481666666666666
2026-03-21 18:45:08.000000000,17.736333333333338
2026-03-21 18:34:29.000000000,39.138999999999996
2026-03-21 18:52:29.000000000,6.129333333333334
2026-03-21 18:27:53.000000000,15.797999999999998
2026-03-21 18:24:11.000000000,19.550333333333334
2026-03-21 18:24:04.000000000,20.154666666666664
2026-03-21 18:53:18.000000000,20.938
2026-03-21 18:58:57.000000000,11.165999999999999
2026-03-21 18:48:47.000000000,31.00166666666666
2026-03-21 18:41:23.000000000,19.998333333333335
2026-03-21 18:58:01.000000000,18.665
2026-03-21 18:30:01.000000000,12.59
2026-03-21 18:52:12.000000000,15.239333333333336
2026-03-21 18:28:58.000000000,7.908000000000001
2026-03-21 18:36:21.000000000,42.93433333333333
2026-03-21 19:42:01.000000000,18.434333333333335
2026-03-21 19:24:31.000000000,11.039666666666665
2026-03-21 19:11:16.000000000,15.514000000000001
2026-03-21 19:05:40.000000000,25.983333333333334
2026-03-21 19:40:04.000000000,46.24133333333334
2026-03-21 19:58:51.000000000,16.834333333333333
2026-03-21 19:28:34.000000000,30.30200000000001
2026-03-21 19:22:59.000000000,59.467999999999996
2026-03-21 19:09:28.000000000,11.348999999999998
2026-03-21 19:46:07.000000000,12.321
2026-03-21 19:56:27.000000000,38.411666666666676
2026-03-21 19:59:07.000000000,11.509333333333336
2026-03-21 19:17:04.000000000,39.066333333333326
2026-03-21 20:55:48.000000000,6.033000000000001
2026-03-21 20:24:13.000000000,12.010666666666664
2026-03-21 20:04:38.000000000,39.696
2026-03-21 20:57:14.000000000,15.917000000000002
2026-03-21 20:17:34.000000000,12.200999999999999
2026-03-21 20:50:55.000000000,10.080000000000002
2026-03-21 20:23:15.000000000,20.95466666666666
2026-03-21 20:14:20.000000000,42.97033333333333
2026-03-21 20:02:43.000000000,8.055666666666665
2026-03-21 20:19:30.000000000,8.147
2026-03-21 20:13:36.000000000,20.259333333333327
2026-03-21 20:42:56.000000000,18.853666666666665
2026-03-21 20:05:26.000000000,12.436
2026-03-21 20:22:08.000000000,29.334
2026-03-21 20:18:39.000000000,16.319
2026-03-21 20:57:45.000000000,19.01766666666667
2026-03-21 20:14:56.000000000,20.752666666666663
2026-03-21 20:19:16.000000000,13.773333333333333
2026-03-21 20:30:45.000000000,9.142333333333333
2026-03-21 20:50:31.000000000,22.391333333333332
2026-03-21 20:36:17.000000000,15.943666666666667
2026-03-21 20:20:51.000000000,14.059333333333337
2026-03-21 20:06:26.000000000,14.388333333333337
2026-03-21 20:35:52.000000000,18.41
2026-03-21 20:43:00.000000000,16.026333333333334
2026-03-21 21:24:38.000000000,18.436333333333334
2026-03-21 21:29:40.000000000,9.461999999999998
2026-03-21 21:55:48.000000000,32.190666666666665
2026-03-21 21:30:49.000000000,14.84633333333333
2026-03-21 21:34:17.000000000,18.27533333333333
2026-03-21 21:07:15.000000000,26.968666666666667
2026-03-21 21:09:30.000000000,37.04099999999999
2026-03-21 21:28:13.000000000,21.933000000000003
2026-03-21 21:44:10.000000000,21.273999999999997
2026-03-21 21:52:03.000000000,59.45333333333334
2026-03-21 21:45:04.000000000,6.170000000000001
2026-03-21 21:54:58.000000000,9.355333333333334
2026-03-21 21:50:08.000000000,30.172
2026-03-21 21:09:03.000000000,19.146999999999995
2026-03-21 21:30:45.000000000,28.156000000000006
2026-03-21 21:37:10.000000000,15.524000000000001
2026-03-21 21:44:11.000000000,15.683333333333334
2026-03-21 22:40:05.000000000,44.96333333333334
2026-03-21 22:58:51.000000000,8.531
2026-03-21 22:33:57.000000000,32.425333333333334
2026-03-21 22:07:58.000000000,18.899666666666665
2026-03-21 22:21:56.000000000,34.915333333333336
2026-03-21 22:51:27.000000000,20.45466666666666
2026-03-21 22:20:19.000000000,24.005000000000003
2026-03-21 22:55:57.000000000,10.855333333333336
2026-03-21 22:51:30.000000000,8.017666666666669
2026-03-21 22:02:35.000000000,16.865333333333336
2026-03-21 22:36:54.000000000,17.982000000000003
2026-03-21 22:55:41.000000000,40.289
2026-03-21 22:13:04.000000000,27.28266666666667
2026-03-21 22:27:27.000000000,22.513666666666662
2026-03-21 22:30:20.000000000,30.424
2026-03-21 22:25:48.000000000,20.311
2026-03-21 22:49:00.000000000,38.76733333333334
2026-03-21 22:42:54.000000000,9.957666666666666
2026-03-21 22:14:36.000000000,31.537999999999997
2026-03-21 23:51:18.000000000,18.96666666666666
2026-03-21 23:20:18.000000000,24.136666666666663
2026-03-21 23:22:22.000000000,34.870000000000005
2026-03-21 23:54:34.000000000,44.074333333333335
2026-03-21 23:16:31.000000000,45.37933333333334
2026-03-21 23:57:37.000000000,76.76766666666667
2026-03-21 23:23:31.000000000,31.891000000000002
2026-03-21 23:13:48.000000000,34.657000000000004
2026-03-21 23:06:51.000000000,44.53266666666668
2026-03-21 23:20:03.000000000,23.405666666666658
2026-03-21 23:56:25.000000000,9.104000000000001
2026-03-21 23:03:47.000000000,24.163999999999998
2026-03-21 23:39:15.000000000,13.264999999999999
2026-03-21 23:38:36.000000000,20.472333333333335
2026-03-21 23:20:08.000000000,7.9556666666666676
2026-03-21 23:10:40.000000000,30.756000000000004
2026-03-21 23:53:26.000000000,38.68566666666666
2026-03-21 23:05:00.000000000,21.949333333333335
2026-03-21 23:53:51.000000000,64.27966666666667
2026-03-21 23:27:02.000000000,69.03333333333335
2026-03-21 23:50:49.000000000,55.22300000000002
2026-03-22 00:46:49.000000000,18.411666666666665
2026-03-22 00:06:22.000000000,39.36633333333332
2026-03-22 00:21:43.000000000,10.739333333333333
2026-03-22 00:18:15.000000000,30.71899999999999
2026-03-22 00:24:39.000000000,23.124000000000006
2026-03-22 00:42:38.000000000,11.18266666666667
2026-03-22 00:30:04.000000000,79.4276666666667
2026-03-22 00:07:02.000000000,39.12533333333333
2026-03-22 00:41:54.000000000,39.24466666666667
2026-03-22 00:10:33.000000000,25.06266666666666
2026-03-22 00:46:17.000000000,11.714333333333338
2026-03-22 00:07:37.000000000,12.527999999999999
2026-03-22 00:14:02.000000000,57.44599999999999
2026-03-22 00:00:51.000000000,26.800999999999995
2026-03-22 00:33:53.000000000,31.165666666666674
2026-03-22 00:48:28.000000000,48.03633333333333
2026-03-22 00:08:24.000000000,49.312666666666686
2026-03-22 00:08:23.000000000,20.80233333333333
2026-03-22 00:10:05.000000000,11.366999999999999
2026-03-22 00:10:04.000000000,8.057333333333334
2026-03-22 00:55:09.000000000,17.082333333333334
2026-03-22 01:27:34.000000000,14.217333333333334
2026-03-22 01:39:48.000000000,6.193000000000001
2026-03-22 01:28:53.000000000,10.754666666666669
2026-03-22 01:17:32.000000000,27.626666666666665
2026-03-22 01:59:49.000000000,63.520999999999994
2026-03-22 01:03:46.000000000,7.239666666666666
2026-03-22 01:00:51.000000000,16.094666666666676
2026-03-22 01:17:00.000000000,24.56466666666666
2026-03-22 01:28:37.000000000,14.326666666666664
2026-03-22 01:18:30.000000000,8.737666666666664
2026-03-22 01:49:31.000000000,43.93766666666667
2026-03-22 01:30:02.000000000,20.021333333333335
2026-03-22 01:23:41.000000000,42.70866666666667
2026-03-22 01:40:05.000000000,9.328333333333335
2026-03-22 02:26:35.000000000,18.01633333333333
2026-03-22 02:24:42.000000000,10.581666666666665
2026-03-22 02:47:25.000000000,61.23066666666667
2026-03-22 02:31:42.000000000,41.61666666666667
2026-03-22 02:17:08.000000000,28.113333333333337
2026-03-22 02:50:29.000000000,116.93333333333335
2026-03-22 02:00:10.000000000,5.749333333333333
2026-03-22 02:35:10.000000000,23.310333333333332
2026-03-22 02:16:03.000000000,100.46700000000003
2026-03-22 02:40:14.000000000,33.852333333333334
2026-03-22 02:46:48.000000000,31.734000000000005
2026-03-22 02:12:17.000000000,5.960333333333333
2026-03-22 02:53:19.000000000,20.867666666666665
2026-03-22 02:55:22.000000000,20.58799999999999
2026-03-22 03:35:08.000000000,18.788666666666664
2026-03-22 03:46:41.000000000,28.177000000000007
2026-03-22 03:07:16.000000000,41.02966666666667
2026-03-22 03:06:14.000000000,46.12699999999999
2026-03-22 03:07:40.000000000,12.306666666666665
2026-03-22 03:13:14.000000000,16.530666666666665
2026-03-22 03:28:02.000000000,29.016000000000002
2026-03-22 03:03:05.000000000,20.232000000000003
2026-03-22 03:11:29.000000000,29.269666666666662
2026-03-22 04:45:08.000000000,66.08533333333334
2026-03-22 04:50:55.000000000,11.416333333333336
2026-03-22 04:20:37.000000000,16.60133333333333
2026-03-22 04:05:34.000000000,42.68733333333333
2026-03-22 04:09:35.000000000,45.30466666666666
2026-03-22 04:45:10.000000000,43.888000000000005
2026-03-22 05:54:00.000000000,25.74466666666667
2026-03-22 05:08:00.000000000,28.742666666666665
2026-03-22 05:38:53.000000000,7.834333333333334
2026-03-22 05:16:46.000000000,15.270000000000003
2026-03-22 05:34:22.000000000,23.26233333333333
2026-03-22 05:10:34.000000000,47.86566666666666
2026-03-22 06:04:10.000000000,27.253999999999998
2026-03-22 06:36:04.000000000,30.184000000000005
2026-03-22 07:34:59.000000000,7.208
2026-03-22 07:31:15.000000000,8.069999999999999
2026-03-22 07:55:17.000000000,19.932
2026-03-22 07:12:19.000000000,92.63933333333334
2026-03-22 07:51:57.000000000,7.432999999999998
2026-03-22 07:22:31.000000000,40.85366666666667
2026-03-22 08:42:17.000000000,24.07333333333333
2026-03-22 08:42:12.000000000,11.632333333333333
2026-03-22 08:34:11.000000000,97.95366666666668
2026-03-22 08:02:05.000000000,11.337666666666667
2026-03-22 08:18:23.000000000,24.910333333333337
2026-03-22 08:49:25.000000000,10.508333333333331
2026-03-22 09:23:23.000000000,11.380000000000003
2026-03-22 09:54:37.000000000,10.555333333333335
2026-03-22 09:42:46.000000000,13.356666666666671
2026-03-22 09:51:01.000000000,16.097
2026-03-22 09:22:42.000000000,11.572333333333335
2026-03-22 09:05:02.000000000,13.623666666666669
2026-03-22 09:39:36.000000000,11.912666666666667
2026-03-22 09:06:56.000000000,12.743000000000004
2026-03-22 09:36:57.000000000,37.342999999999996
2026-03-22 10:01:10.000000000,24.584000000000007
2026-03-22 10:21:52.000000000,17.887333333333334
2026-03-22 10:14:28.000000000,26.503000000000004
2026-03-22 10:41:15.000000000,21.697000000000006
2026-03-22 10:24:15.000000000,13.002000000000002
2026-03-22 10:38:30.000000000,22.18333333333333
2026-03-22 10:12:36.000000000,8.997333333333332
2026-03-22 10:37:50.000000000,9.198333333333334
2026-03-22 10:46:49.000000000,7.75
2026-03-22 11:44:02.000000000,41.138000000000005
2026-03-22 11:04:29.000000000,9.084666666666669
2026-03-22 11:11:54.000000000,21.088333333333335
2026-03-22 11:48:21.000000000,9.095333333333333
2026-03-22 11:45:12.000000000,13.496666666666666
2026-03-22 11:58:30.000000000,25.581666666666663
2026-03-22 11:35:24.000000000,12.325666666666665
2026-03-22 11:57:32.000000000,13.860666666666669
2026-03-22 11:29:55.000000000,73.04766666666666
2026-03-22 11:50:17.000000000,7.402
2026-03-22 11:10:21.000000000,16.024666666666672
2026-03-22 11:51:12.000000000,7.889333333333335
2026-03-22 11:18:59.000000000,12.55133333333333
2026-03-22 11:55:39.000000000,15.453
2026-03-22 11:44:37.000000000,16.256999999999998
2026-03-22 11:17:11.000000000,7.446666666666669
2026-03-22 12:08:55.000000000,26.57133333333332
2026-03-22 12:41:28.000000000,72.88700000000001
2026-03-22 12:56:17.000000000,14.136666666666667
2026-03-22 12:09:36.000000000,25.30833333333333
2026-03-22 12:20:32.000000000,24.896333333333335
2026-03-22 12:33:50.000000000,111.441
2026-03-22 12:27:41.000000000,56.812
2026-03-22 12:35:33.000000000,32.06433333333334
2026-03-22 12:51:27.000000000,11.726333333333335
2026-03-22 12:27:11.000000000,16.317333333333334
2026-03-22 12:21:04.000000000,21.485666666666667
2026-03-22 12:00:32.000000000,15.022666666666664
2026-03-22 12:03:42.000000000,47.15366666666667
2026-03-22 12:41:20.000000000,18.015666666666668
2026-03-22 12:46:11.000000000,33.89133333333333
2026-03-22 12:00:38.000000000,42.11633333333335
2026-03-22 12:04:36.000000000,29.767999999999997
2026-03-22 13:20:50.000000000,10.415666666666668
2026-03-22 13:34:00.000000000,28.277666666666658
2026-03-22 13:24:20.000000000,25.467666666666673
2026-03-22 13:56:18.000000000,41.57066666666666
2026-03-22 13:19:12.000000000,11.91966666666667
2026-03-22 13:45:02.000000000,11.487333333333336
2026-03-22 13:33:12.000000000,15.736999999999997
2026-03-22 13:39:04.000000000,14.223
2026-03-22 13:48:47.000000000,9.465666666666667
2026-03-22 13:59:24.000000000,32.67266666666667
2026-03-22 13:07:33.000000000,45.988000000000014
2026-03-22 14:25:33.000000000,11.855
2026-03-22 14:12:40.000000000,16.64166666666667
2026-03-22 14:29:26.000000000,14.945333333333334
2026-03-22 14:20:05.000000000,8.391666666666667
2026-03-22 14:32:16.000000000,51.69466666666665
2026-03-22 14:04:08.000000000,22.797666666666668
2026-03-22 14:20:56.000000000,87.55599999999998
2026-03-22 14:04:23.000000000,14.909333333333333
2026-03-22 14:57:27.000000000,58.82766666666669
2026-03-22 14:07:50.000000000,18.990666666666662
2026-03-22 14:28:41.000000000,22.82066666666667
2026-03-22 14:18:35.000000000,23.952333333333335
2026-03-22 14:36:17.000000000,16.88933333333333
2026-03-22 15:33:58.000000000,21.038666666666668
2026-03-22 15:24:41.000000000,18.389333333333337
2026-03-22 15:49:04.000000000,26.311
2026-03-22 15:38:32.000000000,12.656333333333333
2026-03-22 15:41:13.000000000,46.206333333333326
2026-03-22 15:27:45.000000000,11.973999999999998
2026-03-22 15:01:48.000000000,10.674333333333333
2026-03-22 15:14:05.000000000,15.815666666666667
2026-03-22 15:04:20.000000000,20.836000000000006
2026-03-22 15:06:38.000000000,23.900000000000002
2026-03-22 15:49:52.000000000,69.79433333333334
2026-03-22 15:17:47.000000000,35.99233333333333
2026-03-22 15:26:23.000000000,12.093
2026-03-22 16:52:09.000000000,11.772666666666662
2026-03-22 16:48:28.000000000,16.722666666666665
2026-03-22 16:51:56.000000000,9.082666666666666
2026-03-22 16:00:04.000000000,32.729000000000006
2026-03-22 16:06:13.000000000,110.5393333333333
2026-03-22 16:29:58.000000000,14.001999999999999
2026-03-22 16:06:30.000000000,31.474666666666668
2026-03-22 16:56:13.000000000,25.417999999999996
2026-03-22 16:51:33.000000000,12.455999999999998
2026-03-22 16:52:19.000000000,18.111
2026-03-22 16:48:20.000000000,37.30100000000001
2026-03-22 16:00:03.000000000,12.694666666666668
2026-03-22 16:53:42.000000000,8.240666666666666
2026-03-22 16:04:57.000000000,73.48666666666666
2026-03-22 16:57:33.000000000,25.559
2026-03-22 16:27:53.000000000,16.449
2026-03-22 16:54:42.000000000,16.92666666666667
2026-03-22 16:20:37.000000000,25.631666666666664
2026-03-22 17:41:41.000000000,24.21833333333334
2026-03-22 17:51:56.000000000,39.685999999999986
2026-03-22 17:56:41.000000000,15.658666666666665
2026-03-22 17:35:23.000000000,51.795
2026-03-22 17:47:34.000000000,20.14333333333333
2026-03-22 17:18:50.000000000,7.9959999999999996
2026-03-22 17:04:11.000000000,18.851666666666667
2026-03-22 17:48:58.000000000,29.207666666666665
2026-03-22 17:34:40.000000000,31.01433333333333
2026-03-22 17:10:10.000000000,21.065999999999995
2026-03-22 17:59:06.000000000,10.995999999999999
2026-03-22 17:05:10.000000000,22.700333333333333
2026-03-22 17:32:41.000000000,17.925666666666665
2026-03-22 18:14:16.000000000,17.17066666666667
2026-03-22 18:13:46.000000000,9.597
2026-03-22 18:35:04.000000000,16.673333333333336
2026-03-22 18:34:58.000000000,27.347000000000005
2026-03-22 18:08:02.000000000,27.57666666666666
2026-03-22 18:59:12.000000000,12.527
2026-03-22 18:46:45.000000000,11.529999999999998
2026-03-22 18:12:00.000000000,21.71733333333333
2026-03-22 18:36:54.000000000,10.128333333333332
2026-03-22 18:27:50.000000000,48.33833333333333
2026-03-22 18:33:59.000000000,15.761333333333333
2026-03-22 18:08:20.000000000,21.075333333333337
2026-03-22 18:48:25.000000000,26.81533333333334
2026-03-22 18:11:35.000000000,27.305666666666657
2026-03-22 19:58:33.000000000,29.89133333333335
2026-03-22 19:58:29.000000000,7.620333333333334
2026-03-22 19:03:04.000000000,17.604
2026-03-22 19:43:28.000000000,23.401999999999997
2026-03-22 19:33:50.000000000,43.75700000000001
2026-03-22 19:50:50.000000000,50.751666666666665
2026-03-22 19:40:22.000000000,17.375666666666667
2026-03-22 19:35:09.000000000,28.63366666666667
2026-03-22 19:59:40.000000000,12.755000000000003
2026-03-22 19:28:01.000000000,52.40833333333334
2026-03-22 19:57:51.000000000,23.551333333333325
2026-03-22 20:33:06.000000000,18.038333333333334
2026-03-22 20:21:17.000000000,16.724999999999998
2026-03-22 20:05:13.000000000,19.75433333333334
2026-03-22 20:03:30.000000000,20.813666666666666
2026-03-22 20:58:29.000000000,50.02033333333335
2026-03-22 20:58:26.000000000,10.33
2026-03-22 20:43:36.000000000,17.808
2026-03-22 20:44:05.000000000,11.43333333333333
2026-03-22 20:52:52.000000000,36.291333333333334
2026-03-22 20:30:56.000000000,11.481333333333332
2026-03-22 20:05:54.000000000,15.064
2026-03-22 20:43:34.000000000,24.717333333333332
2026-03-22 20:58:15.000000000,18.847333333333335
2026-03-22 20:49:19.000000000,13.448333333333329
2026-03-22 20:39:50.000000000,9.523
2026-03-22 20:08:05.000000000,14.32933333333333
2026-03-22 20:36:48.000000000,10.940999999999999
2026-03-22 21:21:27.000000000,13.183
2026-03-22 21:43:54.000000000,19.00633333333333
2026-03-22 21:18:14.000000000,5.866666666666666
2026-03-22 21:50:58.000000000,29.36833333333333
2026-03-22 21:32:20.000000000,15.315666666666665
2026-03-22 21:41:20.000000000,31.255333333333336
2026-03-22 21:09:37.000000000,32.05033333333333
2026-03-22 21:33:51.000000000,38.46766666666667
2026-03-22 21:49:43.000000000,34.147333333333336
2026-03-22 21:01:38.000000000,23.909000000000006
2026-03-22 21:56:21.000000000,11.209333333333335
2026-03-22 21:50:26.000000000,13.542666666666666
2026-03-22 21:03:06.000000000,14.55
2026-03-22 21:30:09.000000000,6.688
2026-03-22 21:04:01.000000000,15.696333333333333
2026-03-22 21:08:01.000000000,50.966333333333324
2026-03-22 22:05:51.000000000,8.051666666666666
2026-03-22 22:10:49.000000000,17.955333333333332
2026-03-22 22:03:22.000000000,43.03033333333333
2026-03-22 22:46:23.000000000,92.66033333333333
2026-03-22 22:08:21.000000000,107.20166666666667
2026-03-22 22:02:33.000000000,17.435666666666666
2026-03-22 22:08:15.000000000,32.684333333333335
2026-03-22 22:40:15.000000000,21.59366666666667
2026-03-22 22:17:10.000000000,47.83799999999998
2026-03-22 22:27:26.000000000,46.64766666666666
2026-03-22 22:42:00.000000000,43.256000000000014
2026-03-22 22:24:51.000000000,25.929
2026-03-22 22:11:04.000000000,12.990666666666666
2026-03-22 22:04:39.000000000,27.71966666666667
2026-03-22 23:58:47.000000000,22.740666666666673
2026-03-22 23:26:57.000000000,5.840666666666668
2026-03-22 23:28:42.000000000,7.849333333333334
2026-03-22 23:04:48.000000000,12.672333333333334
2026-03-22 23:49:06.000000000,16.124666666666666
2026-03-22 23:57:09.000000000,16.148666666666667
2026-03-22 23:26:26.000000000,10.519333333333332
2026-03-22 23:45:49.000000000,14.541333333333338
2026-03-22 23:46:55.000000000,66.564
2026-03-22 23:09:18.000000000,35.93633333333333
2026-03-23 00:45:26.000000000,26.929666666666662
2026-03-23 00:55:18.000000000,33.38266666666666
2026-03-23 00:16:01.000000000,7.233999999999999
2026-03-23 00:05:54.000000000,27.299333333333337
2026-03-23 00:14:32.000000000,17.67033333333334
2026-03-23 00:05:33.000000000,25.857666666666674
2026-03-23 00:46:44.000000000,9.431000000000001
2026-03-23 01:45:17.000000000,22.901999999999994
2026-03-23 01:14:08.000000000,19.196999999999996
2026-03-23 01:12:35.000000000,20.739666666666672
2026-03-23 01:29:10.000000000,24.50933333333334
2026-03-23 01:40:10.000000000,79.37166666666668
2026-03-23 01:50:43.000000000,6.465999999999998
2026-03-23 01:40:09.000000000,58.38899999999999
2026-03-23 02:06:11.000000000,49.684999999999995
2026-03-23 03:51:42.000000000,62.90266666666669
2026-03-23 03:42:41.000000000,53.37266666666665
2026-03-23 03:34:00.000000000,26.52999999999999
2026-03-23 03:29:08.000000000,38.119666666666674
2026-03-23 03:08:30.000000000,29.405666666666672
2026-03-23 03:18:30.000000000,71.224
2026-03-23 03:22:05.000000000,9.337666666666665
2026-03-23 03:10:31.000000000,10.423
2026-03-23 04:42:33.000000000,14.454000000000002
2026-03-23 04:17:34.000000000,20.403
2026-03-23 04:28:18.000000000,12.658999999999997
2026-03-23 04:10:12.000000000,49.18933333333336
2026-03-23 04:52:42.000000000,112.85766666666663
2026-03-23 05:17:09.000000000,84.97133333333333
2026-03-23 05:59:20.000000000,45.242333333333335
2026-03-23 05:02:21.000000000,103.747
2026-03-23 05:56:43.000000000,9.187
2026-03-23 05:14:52.000000000,10.066
2026-03-23 05:36:40.000000000,23.981
2026-03-23 05:52:01.000000000,30.844666666666665
2026-03-23 05:40:42.000000000,9.101666666666665
2026-03-23 05:06:45.000000000,17.73999999999999
2026-03-23 05:56:27.000000000,37.71333333333333
2026-03-23 06:20:55.000000000,10.857666666666663
2026-03-23 06:55:07.000000000,21.173333333333332
2026-03-23 06:06:41.000000000,9.403999999999998
2026-03-23 06:43:49.000000000,13.729333333333336
2026-03-23 06:52:24.000000000,31.093
2026-03-23 06:32:35.000000000,25.95966666666667
2026-03-23 06:52:03.000000000,98.51033333333334
2026-03-23 06:40:50.000000000,10.413
2026-03-23 06:33:04.000000000,15.147999999999996
2026-03-23 07:10:38.000000000,94.20599999999999
2026-03-23 07:19:00.000000000,23.20266666666667
2026-03-23 07:40:00.000000000,90.31566666666666
2026-03-23 07:28:47.000000000,10.564666666666666
2026-03-23 07:43:48.000000000,25.053000000000008
2026-03-23 07:39:25.000000000,125.4166666666667
2026-03-23 07:48:33.000000000,13.409666666666668
2026-03-23 07:28:57.000000000,25.45733333333333
2026-03-23 07:07:53.000000000,12.396999999999997
2026-03-23 07:32:57.000000000,23.850000000000005
2026-03-23 07:21:19.000000000,48.34399999999999
2026-03-23 07:46:53.000000000,25.183000000000003
2026-03-23 07:36:00.000000000,15.271333333333331
2026-03-23 07:46:21.000000000,13.856333333333335
2026-03-23 07:05:23.000000000,10.419333333333332
2026-03-23 08:26:34.000000000,16.568
2026-03-23 08:30:00.000000000,38.03066666666666
2026-03-23 08:51:19.000000000,22.62333333333334
2026-03-23 08:55:07.000000000,11.315000000000003
2026-03-23 08:50:47.000000000,19.164666666666665
2026-03-23 08:34:56.000000000,51.60733333333333
2026-03-23 08:05:39.000000000,20.668666666666663
2026-03-23 08:50:15.000000000,11.900333333333334
2026-03-23 08:17:00.000000000,13.16033333333333
2026-03-23 08:22:38.000000000,6.6209999999999996
2026-03-23 08:46:37.000000000,20.829333333333334
2026-03-23 08:31:28.000000000,10.712
2026-03-23 08:55:10.000000000,11.145666666666669
2026-03-23 08:07:53.000000000,68.33200000000002
2026-03-23 08:52:24.000000000,17.659333333333336
2026-03-23 08:34:14.000000000,106.70499999999998
2026-03-23 08:29:03.000000000,22.79966666666667
2026-03-23 08:48:18.000000000,15.889333333333333
2026-03-23 09:00:03.000000000,29.14833333333333
2026-03-23 09:09:17.000000000,25.54166666666666
2026-03-23 09:56:34.000000000,6.506333333333333
2026-03-23 09:19:54.000000000,35.03066666666667
2026-03-23 09:20:00.000000000,18.56433333333334
2026-03-23 09:52:14.000000000,9.107999999999999
2026-03-23 09:17:56.000000000,17.053333333333335
2026-03-23 09:02:08.000000000,20.511666666666663
2026-03-23 09:49:19.000000000,11.545
2026-03-23 09:58:28.000000000,35.72366666666667
2026-03-23 09:02:48.000000000,16.047666666666668
2026-03-23 09:17:10.000000000,7.544
2026-03-23 09:45:45.000000000,8.412000000000003
2026-03-23 09:53:06.000000000,7.945666666666666
2026-03-23 09:03:52.000000000,29.177999999999987
2026-03-23 09:42:57.000000000,28.323333333333338
2026-03-23 09:15:20.000000000,34.10200000000001
2026-03-23 09:56:54.000000000,8.024
2026-03-23 09:34:03.000000000,11.553666666666665
2026-03-23 10:10:24.000000000,42.516
2026-03-23 10:08:01.000000000,12.586333333333329
2026-03-23 10:44:19.000000000,14.261
2026-03-23 10:16:48.000000000,12.864666666666666
2026-03-23 10:59:11.000000000,10.943333333333335
2026-03-23 10:02:49.000000000,22.117666666666665
2026-03-23 10:04:16.000000000,31.862333333333332
2026-03-23 10:56:24.000000000,34.33866666666667
2026-03-23 10:03:49.000000000,46.181666666666665
2026-03-23 11:22:37.000000000,26.735333333333326
2026-03-23 11:10:28.000000000,13.859
2026-03-23 11:06:13.000000000,5.784999999999999
2026-03-23 11:17:23.000000000,19.61233333333333
2026-03-23 11:55:54.000000000,13.058999999999997
2026-03-23 11:38:15.000000000,66.43966666666668
2026-03-23 11:07:37.000000000,17.421333333333337
2026-03-23 11:12:31.000000000,86.74699999999999
2026-03-23 11:50:46.000000000,33.22966666666667
2026-03-23 12:57:43.000000000,21.774999999999995
2026-03-23 12:58:35.000000000,19.778000000000006
2026-03-23 12:18:59.000000000,10.195000000000002
2026-03-23 12:24:58.000000000,32.676
2026-03-23 12:18:46.000000000,22.799
2026-03-23 12:39:02.000000000,16.498000000000005
2026-03-23 12:59:09.000000000,6.7856666666666685
2026-03-23 12:53:54.000000000,9.940000000000003
2026-03-23 12:02:22.000000000,28.52033333333334
2026-03-23 12:21:27.000000000,26.302
2026-03-23 12:24:30.000000000,35.899
2026-03-23 12:11:03.000000000,14.642999999999999
2026-03-23 13:47:03.000000000,73.62766666666667
2026-03-23 13:35:18.000000000,23.734666666666666
2026-03-23 13:48:13.000000000,8.396333333333333
2026-03-23 13:16:32.000000000,89.302
2026-03-23 13:17:34.000000000,31.02433333333333
2026-03-23 13:37:05.000000000,78.596
2026-03-23 13:10:28.000000000,12.942333333333341
2026-03-23 13:34:48.000000000,14.935333333333334
2026-03-23 13:10:00.000000000,28.289666666666673
2026-03-23 13:55:57.000000000,23.122999999999998
2026-03-23 13:57:31.000000000,9.607666666666667
2026-03-23 13:17:54.000000000,5.668
2026-03-23 13:53:15.000000000,62.147999999999996
2026-03-23 13:43:35.000000000,18.03166666666666
2026-03-23 14:19:16.000000000,11.962333333333333
2026-03-23 14:25:46.000000000,18.659
2026-03-23 14:55:52.000000000,6.762333333333335
2026-03-23 14:44:21.000000000,14.126000000000003
2026-03-23 14:35:44.000000000,33.419333333333334
2026-03-23 14:24:18.000000000,79.80233333333332
2026-03-23 14:45:03.000000000,53.956333333333326
2026-03-23 14:56:31.000000000,17.127
2026-03-23 14:07:46.000000000,10.290666666666665
2026-03-23 14:06:09.000000000,103.00133333333335
2026-03-23 14:21:07.000000000,7.351000000000001
2026-03-23 14:49:15.000000000,13.733000000000002
2026-03-23 14:48:43.000000000,34.051
2026-03-23 14:21:00.000000000,69.94933333333333
2026-03-23 14:40:08.000000000,14.860333333333333
2026-03-23 14:57:33.000000000,21.720666666666666
2026-03-23 14:19:35.000000000,10.960666666666665
2026-03-23 14:16:02.000000000,19.160666666666664
2026-03-23 14:03:23.000000000,9.865666666666666
2026-03-23 15:10:21.000000000,17.387999999999998
2026-03-23 15:12:46.000000000,11.162999999999998
2026-03-23 15:26:10.000000000,16.966999999999995
2026-03-23 15:27:22.000000000,35.470666666666666
2026-03-23 15:07:36.000000000,11.091000000000001
2026-03-23 15:13:03.000000000,6.629666666666667
2026-03-23 15:18:35.000000000,97.26633333333332
2026-03-23 15:14:36.000000000,20.624666666666666
2026-03-23 15:14:00.000000000,139.60566666666665
2026-03-23 15:31:06.000000000,15.439999999999998
2026-03-23 15:44:01.000000000,28.367333333333338
2026-03-23 15:53:55.000000000,17.629999999999995
2026-03-23 15:51:34.000000000,5.345333333333334
2026-03-23 15:50:49.000000000,8.056333333333335
2026-03-23 15:26:53.000000000,7.566666666666666
2026-03-23 15:29:43.000000000,9.931333333333335
2026-03-23 16:01:58.000000000,34.79066666666667
2026-03-23 16:41:26.000000000,9.057333333333332
2026-03-23 16:44:16.000000000,36.55566666666665
2026-03-23 16:47:10.000000000,21.264999999999993
2026-03-23 16:44:39.000000000,51.07133333333332
2026-03-23 16:25:13.000000000,7.771666666666666
2026-03-23 16:04:03.000000000,23.67133333333333
2026-03-23 16:40:24.000000000,7.131666666666667
2026-03-23 16:58:49.000000000,6.700666666666666
2026-03-23 16:03:12.000000000,20.075666666666667
2026-03-23 16:11:35.000000000,7.236
2026-03-23 16:39:35.000000000,7.671666666666665
2026-03-23 16:23:05.000000000,36.960666666666675
2026-03-23 16:04:14.000000000,31.055333333333337
2026-03-23 16:11:12.000000000,30.172333333333338
2026-03-23 16:00:18.000000000,15.573
2026-03-23 17:31:24.000000000,17.266666666666662
2026-03-23 17:36:48.000000000,15.806999999999999
2026-03-23 17:45:25.000000000,16.139999999999997
2026-03-23 17:14:45.000000000,45.623666666666665
2026-03-23 17:02:03.000000000,10.347333333333328
2026-03-23 17:09:07.000000000,10.412666666666668
2026-03-23 17:22:18.000000000,34.02766666666667
2026-03-23 17:46:32.000000000,27.123333333333324
2026-03-23 17:47:40.000000000,5.935333333333332
2026-03-23 17:12:01.000000000,10.669
2026-03-23 17:24:15.000000000,26.470666666666663
2026-03-23 17:47:44.000000000,20.925000000000004
2026-03-23 17:40:00.000000000,15.452
2026-03-23 17:15:24.000000000,50.77866666666667
2026-03-23 18:53:19.000000000,6.379666666666667
2026-03-23 18:12:08.000000000,10.937333333333331
2026-03-23 18:42:59.000000000,42.33799999999999
2026-03-23 18:44:52.000000000,23.361333333333334
2026-03-23 18:35:38.000000000,16.399000000000004
2026-03-23 18:30:50.000000000,8.552999999999999
2026-03-23 18:18:58.000000000,17.889999999999997
2026-03-23 18:06:40.000000000,11.954333333333329
2026-03-23 18:04:16.000000000,44.251999999999995
2026-03-23 18:16:21.000000000,12.062666666666667
2026-03-23 18:50:53.000000000,26.480000000000004
2026-03-23 18:44:29.000000000,13.842000000000002
2026-03-23 18:33:54.000000000,13.846333333333336
2026-03-23 18:14:08.000000000,17.792666666666666
2026-03-23 18:45:13.000000000,51.99766666666667
2026-03-23 18:14:38.000000000,8.514333333333333
2026-03-23 18:05:51.000000000,14.368666666666664
2026-03-23 18:34:18.000000000,21.141666666666666
2026-03-23 18:26:04.000000000,15.208666666666666
2026-03-23 19:32:56.000000000,10.645000000000001
2026-03-23 19:25:40.000000000,11.771666666666667
2026-03-23 19:56:33.000000000,45.87766666666666
2026-03-23 19:06:46.000000000,13.771333333333335
2026-03-23 19:02:53.000000000,14.288999999999998
2026-03-23 19:35:11.000000000,26.578333333333333
2026-03-23 19:05:24.000000000,28.41733333333333
2026-03-23 19:47:52.000000000,23.114999999999995
2026-03-23 19:07:43.000000000,13.628666666666668
2026-03-23 19:56:31.000000000,23.981666666666662
2026-03-23 19:36:06.000000000,11.575666666666667
2026-03-23 19:57:58.000000000,19.97066666666667
2026-03-23 19:07:31.000000000,25.41866666666667
2026-03-23 19:11:41.000000000,22.47033333333333
2026-03-23 20:57:25.000000000,34.11833333333333
2026-03-23 20:32:50.000000000,69.23100000000001
2026-03-23 20:43:03.000000000,23.42066666666667
2026-03-23 20:17:19.000000000,25.51266666666667
2026-03-23 20:46:32.000000000,16.40966666666667
2026-03-23 20:43:01.000000000,13.430333333333339
2026-03-23 20:10:50.000000000,28.992666666666654
2026-03-23 20:07:57.000000000,16.701000000000004
2026-03-23 20:25:59.000000000,9.834000000000001
2026-03-23 20:56:05.000000000,16.867333333333338
2026-03-23 20:39:16.000000000,19.795666666666662
2026-03-23 20:15:21.000000000,7.104666666666665
2026-03-23 20:51:46.000000000,14.203999999999997
2026-03-23 20:21:59.000000000,20.540666666666674
2026-03-23 20:09:18.000000000,17.826
2026-03-23 20:05:21.000000000,7.742000000000001
2026-03-23 20:17:52.000000000,50.58766666666666
2026-03-23 20:45:02.000000000,66.65266666666665
2026-03-23 20:02:06.000000000,92.02999999999999
2026-03-23 21:12:56.000000000,16.03966666666667
2026-03-23 21:01:03.000000000,7.869999999999998
2026-03-23 21:27:00.000000000,29.069999999999997
2026-03-23 21:55:16.000000000,11.136333333333335
2026-03-23 21:42:03.000000000,25.56966666666667
2026-03-23 21:45:05.000000000,170.08
2026-03-23 21:02:10.000000000,19.279000000000003
2026-03-23 22:12:35.000000000,12.385333333333334
2026-03-23 22:05:16.000000000,10.961
2026-03-23 22:12:27.000000000,13.769666666666668
2026-03-23 22:33:15.000000000,9.234000000000002
2026-03-23 22:53:00.000000000,9.488333333333337
2026-03-23 22:31:34.000000000,8.196000000000002
2026-03-23 22:26:33.000000000,33.42133333333333
2026-03-23 23:25:23.000000000,11.716333333333335
2026-03-23 23:03:29.000000000,108.72333333333331
2026-03-23 23:45:05.000000000,17.395333333333333
2026-03-23 23:06:48.000000000,13.325666666666669
2026-03-23 23:58:13.000000000,66.56666666666666
2026-03-24 00:36:26.000000000,34.58166666666667
2026-03-24 00:23:18.000000000,7.021
2026-03-24 00:12:48.000000000,15.110999999999999
2026-03-24 00:47:38.000000000,74.07466666666667
2026-03-24 00:56:44.000000000,23.264333333333333
2026-03-24 00:18:32.000000000,47.786666666666655
2026-03-24 01:23:27.000000000,7.851666666666665
2026-03-24 01:22:47.000000000,60.645999999999994
2026-03-24 01:08:20.000000000,95.81300000000002
2026-03-24 01:09:21.000000000,96.071
2026-03-24 01:10:03.000000000,7.884333333333333
2026-03-24 02:06:54.000000000,13.326333333333336
2026-03-24 02:42:55.000000000,31.410000000000004
2026-03-24 02:46:03.000000000,8.445666666666668
2026-03-24 03:42:15.000000000,10.701000000000004
2026-03-24 03:43:13.000000000,65.91966666666667
2026-03-24 04:54:38.000000000,6.228
2026-03-24 04:54:20.000000000,8.011333333333333
2026-03-24 04:02:22.000000000,17.925
2026-03-24 04:09:09.000000000,51.030999999999985
2026-03-24 05:42:02.000000000,22.216333333333328
2026-03-24 05:02:44.000000000,58.59166666666666
2026-03-24 05:32:32.000000000,141.2306666666667
2026-03-24 05:55:37.000000000,23.315333333333328
2026-03-24 05:59:18.000000000,8.930666666666667
2026-03-24 05:58:30.000000000,7.900666666666666
2026-03-24 05:16:15.000000000,76.606
2026-03-24 06:44:54.000000000,9.009999999999998
2026-03-24 06:35:00.000000000,15.345999999999997
2026-03-24 06:07:16.000000000,11.832666666666666
2026-03-24 06:16:09.000000000,14.532666666666666
2026-03-24 06:48:03.000000000,23.34333333333333
2026-03-24 06:34:14.000000000,8.934000000000001
2026-03-24 06:33:20.000000000,24.033333333333335
2026-03-24 06:50:22.000000000,11.243333333333332
2026-03-24 07:54:30.000000000,32.123999999999995
2026-03-24 07:30:54.000000000,37.44299999999999
2026-03-24 07:45:26.000000000,25.38933333333334
2026-03-24 07:55:50.000000000,12.49166666666667
2026-03-24 07:55:51.000000000,20.01566666666667
2026-03-24 07:36:10.000000000,36.13399999999999
2026-03-24 07:49:09.000000000,9.546666666666669
2026-03-24 07:29:38.000000000,13.309000000000001
2026-03-24 07:56:56.000000000,181.81266666666667
2026-03-24 07:37:09.000000000,25.96933333333334
2026-03-24 07:22:26.000000000,32.00866666666666
2026-03-24 07:53:45.000000000,13.141999999999998
2026-03-24 08:22:29.000000000,39.268666666666675
2026-03-24 08:29:47.000000000,7.246
2026-03-24 08:17:45.000000000,8.889333333333333
2026-03-24 08:24:13.000000000,18.023999999999997
2026-03-24 08:50:58.000000000,80.2203333333333
2026-03-24 08:12:58.000000000,20.491333333333337
2026-03-24 08:16:35.000000000,44.002
2026-03-24 08:49:06.000000000,38.20166666666667
2026-03-24 08:55:25.000000000,32.035
2026-03-24 08:08:55.000000000,28.848999999999997
2026-03-24 08:21:35.000000000,26.989333333333335
2026-03-24 08:42:34.000000000,13.842333333333338
2026-03-24 08:05:45.000000000,8.344666666666667
2026-03-24 08:14:55.000000000,27.918666666666677
2026-03-24 08:20:55.000000000,8.134666666666666
2026-03-24 08:38:21.000000000,26.701333333333327
2026-03-24 08:54:16.000000000,26.761666666666663
2026-03-24 08:39:02.000000000,24.519000000000002
2026-03-24 08:14:44.000000000,11.344333333333335
2026-03-24 08:14:28.000000000,6.742666666666666
2026-03-24 08:00:25.000000000,11.541666666666664
2026-03-24 08:54:22.000000000,37.12133333333333
2026-03-24 08:56:49.000000000,15.168666666666667
2026-03-24 08:09:45.000000000,11.159666666666663
2026-03-24 08:56:24.000000000,10.487000000000002
2026-03-24 09:17:52.000000000,14.748666666666669
2026-03-24 09:10:58.000000000,28.075000000000006
2026-03-24 09:32:18.000000000,9.371333333333332
2026-03-24 09:52:46.000000000,21.604333333333333
2026-03-24 09:54:41.000000000,15.068666666666667
2026-03-24 09:38:37.000000000,9.558666666666666
2026-03-24 09:37:55.000000000,93.81733333333335
2026-03-24 09:09:29.000000000,16.182666666666666
2026-03-24 09:38:33.000000000,13.725333333333328
2026-03-24 09:45:25.000000000,9.392666666666665
2026-03-24 09:43:52.000000000,10.383000000000003
2026-03-24 09:59:05.000000000,40.648
2026-03-24 09:26:44.000000000,45.333
2026-03-24 09:46:47.000000000,40.77233333333333
2026-03-24 09:05:10.000000000,27.437333333333335
2026-03-24 09:05:48.000000000,8.031333333333334
2026-03-24 09:33:38.000000000,25.898
2026-03-24 09:00:28.000000000,60.268666666666654
2026-03-24 09:23:52.000000000,6.078333333333333
2026-03-24 10:55:05.000000000,24.581999999999997
2026-03-24 10:23:44.000000000,39.93900000000001
2026-03-24 10:12:20.000000000,34.04100000000001
2026-03-24 10:01:08.000000000,9.191666666666666
2026-03-24 10:03:10.000000000,68.68933333333332
2026-03-24 10:28:53.000000000,14.17866666666667
2026-03-24 10:07:34.000000000,14.101333333333335
2026-03-24 10:16:05.000000000,8.228333333333333
2026-03-24 10:07:03.000000000,28.469
2026-03-24 10:08:25.000000000,17.375333333333334
2026-03-24 10:48:26.000000000,6.534666666666667
2026-03-24 10:58:24.000000000,14.314333333333334
2026-03-24 10:40:57.000000000,19.760666666666665
2026-03-24 11:12:19.000000000,23.51966666666666
2026-03-24 11:50:15.000000000,18.944999999999997
2026-03-24 11:08:26.000000000,12.796
2026-03-24 11:58:11.000000000,9.175333333333334
2026-03-24 11:20:12.000000000,29.784000000000002
2026-03-24 11:55:51.000000000,20.355333333333338
2026-03-24 11:06:03.000000000,39.508
2026-03-24 11:54:17.000000000,21.83366666666667
2026-03-24 11:17:25.000000000,16.53233333333333
2026-03-24 12:59:30.000000000,67.67900000000002
2026-03-24 12:13:57.000000000,44.13700000000001
2026-03-24 12:01:54.000000000,90.51799999999997
2026-03-24 12:04:24.000000000,11.285999999999998
2026-03-24 12:17:58.000000000,24.46633333333333
2026-03-24 12:42:30.000000000,24.929
2026-03-24 12:53:20.000000000,11.978666666666667
2026-03-24 13:37:03.000000000,26.42733333333333
2026-03-24 13:18:17.000000000,13.278666666666672
2026-03-24 13:38:21.000000000,28.31933333333333
2026-03-24 13:26:45.000000000,24.679666666666677
2026-03-24 13:29:51.000000000,44.367666666666665
2026-03-24 13:35:59.000000000,79.60066666666665
2026-03-24 13:22:25.000000000,21.617000000000004
2026-03-24 13:22:22.000000000,19.144000000000002
2026-03-24 13:45:25.000000000,173.47166666666666
2026-03-24 13:50:20.000000000,8.393666666666665
2026-03-24 13:41:10.000000000,29.223333333333333
2026-03-24 13:11:30.000000000,11.553333333333333
2026-03-24 13:17:11.000000000,32.67766666666666
2026-03-24 14:15:25.000000000,29.69166666666667
2026-03-24 14:53:13.000000000,25.868000000000002
2026-03-24 14:43:11.000000000,83.99
2026-03-24 14:57:06.000000000,10.231333333333335
2026-03-24 14:23:05.000000000,16.72566666666667
2026-03-24 14:46:22.000000000,8.900333333333332
2026-03-24 14:08:40.000000000,14.488333333333335
2026-03-24 14:10:20.000000000,23.445999999999994
2026-03-24 14:34:31.000000000,51.82966666666666
2026-03-24 15:53:29.000000000,10.92766666666667
2026-03-24 15:36:08.000000000,25.59266666666667
2026-03-24 15:09:55.000000000,64.71566666666666
2026-03-24 15:40:15.000000000,35.522333333333336
2026-03-24 15:08:42.000000000,21.754999999999995
2026-03-24 15:40:46.000000000,16.714333333333332
2026-03-24 15:16:15.000000000,37.82666666666667
2026-03-24 15:29:25.000000000,7.188999999999998
2026-03-24 15:10:28.000000000,23.355
2026-03-24 15:45:30.000000000,10.635666666666669
2026-03-24 15:09:52.000000000,8.228
2026-03-24 15:36:14.000000000,12.526
2026-03-24 15:28:18.000000000,14.019666666666664
2026-03-24 15:31:18.000000000,45.44666666666667
2026-03-24 15:27:32.000000000,28.12633333333334
2026-03-24 15:09:48.000000000,36.032
2026-03-24 15:58:15.000000000,40.671
2026-03-24 16:39:01.000000000,27.831666666666653
2026-03-24 16:45:52.000000000,23.87933333333333
2026-03-24 16:07:08.000000000,9.116666666666669
2026-03-24 16:18:26.000000000,14.302999999999999
2026-03-24 16:52:12.000000000,24.533
2026-03-24 16:07:56.000000000,18.433666666666667
2026-03-24 16:55:06.000000000,43.943
2026-03-24 16:04:19.000000000,12.347666666666662
2026-03-24 16:10:34.000000000,46.596000000000004
2026-03-24 16:19:30.000000000,24.087333333333333
2026-03-24 16:16:02.000000000,41.709666666666664
2026-03-24 16:48:58.000000000,27.15533333333333
2026-03-24 16:31:28.000000000,26.007
2026-03-24 17:39:58.000000000,16.140666666666668
2026-03-24 17:44:28.000000000,22.085666666666672
2026-03-24 17:25:52.000000000,34.51866666666667
2026-03-24 17:49:54.000000000,31.372000000000003
2026-03-24 17:13:53.000000000,32.508
2026-03-24 17:48:15.000000000,7.7633333333333345
2026-03-24 17:20:07.000000000,7.516999999999999
2026-03-24 17:27:00.000000000,69.43233333333332
2026-03-24 17:04:11.000000000,68.71266666666665
2026-03-24 17:05:15.000000000,17.820333333333334
2026-03-24 17:39:14.000000000,22.35433333333333
2026-03-24 17:32:51.000000000,15.456666666666665
2026-03-24 17:22:39.000000000,43.349000000000004
2026-03-24 17:46:47.000000000,59.08466666666666
2026-03-24 17:34:50.000000000,26.007333333333335
2026-03-24 17:50:25.000000000,27.395999999999997
2026-03-24 17:09:54.000000000,14.211999999999998
2026-03-24 17:00:43.000000000,23.054333333333325
2026-03-24 17:18:41.000000000,9.122333333333332
2026-03-24 18:32:46.000000000,50.944666666666656
2026-03-24 18:46:12.000000000,9.769333333333332
2026-03-24 18:42:09.000000000,17.599666666666664
2026-03-24 18:02:14.000000000,17.68666666666667
2026-03-24 18:47:00.000000000,19.72966666666667
2026-03-24 18:30:10.000000000,31.400000000000002
2026-03-24 18:01:53.000000000,22.558
2026-03-24 18:32:02.000000000,7.4469999999999965
2026-03-24 18:19:00.000000000,8.901333333333332
2026-03-24 18:10:43.000000000,45.12466666666667
2026-03-24 18:56:43.000000000,28.153333333333325
2026-03-24 18:10:36.000000000,8.811333333333334
2026-03-24 18:08:24.000000000,12.982666666666665
2026-03-24 18:26:00.000000000,14.956333333333333
2026-03-24 18:02:51.000000000,145.449
2026-03-24 18:47:50.000000000,18.030333333333335
2026-03-24 18:02:04.000000000,10.67066666666667
2026-03-24 19:29:45.000000000,16.001
2026-03-24 19:50:03.000000000,15.295333333333335
2026-03-24 19:57:10.000000000,6.329333333333333
2026-03-24 19:07:17.000000000,23.731999999999992
2026-03-24 19:06:40.000000000,24.49866666666667
2026-03-24 19:01:36.000000000,12.320666666666666
2026-03-24 19:13:15.000000000,44.265
2026-03-24 19:32:54.000000000,39.385
2026-03-24 19:03:35.000000000,37.28966666666667
2026-03-24 19:55:29.000000000,10.727
2026-03-24 19:21:32.000000000,27.058666666666664
2026-03-24 20:48:54.000000000,7.443666666666667
2026-03-24 20:53:06.000000000,40.478
2026-03-24 20:04:00.000000000,29.905666666666672
2026-03-24 20:50:57.000000000,6.213999999999999
2026-03-24 20:23:49.000000000,8.88
2026-03-24 20:54:51.000000000,54.995
2026-03-24 20:45:01.000000000,17.860666666666663
2026-03-24 20:44:55.000000000,33.913333333333334
2026-03-24 20:36:45.000000000,21.900333333333332
2026-03-24 20:07:03.000000000,48.97966666666668
2026-03-24 20:50:10.000000000,51.38466666666666
2026-03-24 20:21:51.000000000,48.39900000000001
2026-03-24 20:56:01.000000000,21.769333333333336
2026-03-24 20:41:56.000000000,11.116666666666667
2026-03-24 20:09:01.000000000,13.247999999999998
2026-03-24 21:24:35.000000000,21.026333333333337
2026-03-24 21:14:38.000000000,44.447
2026-03-24 21:36:33.000000000,24.59733333333333
2026-03-24 21:12:42.000000000,56.78666666666667
2026-03-24 21:45:37.000000000,7.349999999999998
2026-03-24 21:58:41.000000000,11.344666666666662
2026-03-24 21:32:39.000000000,73.37000000000002
2026-03-24 21:44:22.000000000,15.229333333333331
2026-03-24 21:00:24.000000000,10.56166666666667
2026-03-24 21:54:01.000000000,37.80733333333333
2026-03-24 21:58:52.000000000,53.59933333333332
2026-03-24 21:41:30.000000000,33.928
2026-03-24 21:21:00.000000000,60.650999999999996
2026-03-24 21:50:35.000000000,12.251333333333333
2026-03-24 21:27:29.000000000,11.636666666666667
2026-03-24 22:46:41.000000000,15.606666666666667
2026-03-24 22:20:48.000000000,165.01366666666664
2026-03-24 22:09:58.000000000,11.407666666666664
2026-03-24 22:40:09.000000000,21.648000000000003
2026-03-24 22:51:05.000000000,36.294999999999995
2026-03-24 22:06:31.000000000,10.698000000000002
2026-03-24 22:09:49.000000000,55.17666666666667
2026-03-24 22:10:19.000000000,10.513666666666667
2026-03-24 22:14:00.000000000,9.607
2026-03-24 22:27:03.000000000,92.4646666666667
2026-03-24 22:15:02.000000000,19.105666666666664
2026-03-24 22:16:58.000000000,9.991666666666667
2026-03-24 22:56:49.000000000,14.601
2026-03-24 22:23:35.000000000,20.725
2026-03-24 22:02:10.000000000,7.164666666666665
2026-03-24 23:49:00.000000000,8.747000000000002
2026-03-24 23:15:35.000000000,6.842666666666667
2026-03-24 23:38:53.000000000,8.693333333333333
2026-03-24 23:50:59.000000000,10.973000000000003
2026-03-24 23:08:30.000000000,29.44966666666667
2026-03-24 23:42:52.000000000,18.600333333333335
2026-03-24 23:56:19.000000000,7.686999999999999
2026-03-24 23:06:05.000000000,107.35566666666666
2026-03-24 23:59:05.000000000,8.035333333333334
2026-03-24 23:25:52.000000000,9.072
2026-03-24 23:23:24.000000000,17.793
2026-03-24 23:10:23.000000000,82.67166666666668
2026-03-25 00:13:39.000000000,28.426000000000005
2026-03-25 00:49:44.000000000,18.494666666666674
2026-03-25 00:56:58.000000000,22.022000000000002
2026-03-25 00:40:44.000000000,21.494666666666667
2026-03-25 00:05:52.000000000,12.641333333333334
2026-03-25 00:20:04.000000000,26.73466666666667
2026-03-25 00:10:33.000000000,10.991666666666667
2026-03-25 00:00:22.000000000,15.392333333333333
2026-03-25 00:44:03.000000000,7.700999999999999
2026-03-25 01:06:11.000000000,22.201333333333334
2026-03-25 01:42:00.000000000,7.279999999999997
2026-03-25 01:13:11.000000000,14.237999999999998
2026-03-25 01:43:57.000000000,76.66233333333334
2026-03-25 02:16:12.000000000,99.54033333333332
2026-03-25 02:01:05.000000000,29.938666666666666
2026-03-25 02:13:15.000000000,15.491333333333337
2026-03-25 02:59:34.000000000,53.28433333333333
2026-03-25 02:34:41.000000000,41.075333333333326
2026-03-25 03:21:47.000000000,39.20600000000002
2026-03-25 03:15:11.000000000,16.03633333333333
2026-03-25 03:11:34.000000000,69.84233333333333
2026-03-25 03:03:31.000000000,45.035
2026-03-25 04:46:16.000000000,17.715333333333334
2026-03-25 04:20:10.000000000,53.47133333333334
2026-03-25 04:39:35.000000000,8.382666666666667
2026-03-25 04:53:05.000000000,30.642999999999997
2026-03-25 04:33:35.000000000,23.392666666666667
2026-03-25 04:27:27.000000000,10.288333333333336
2026-03-25 05:38:55.000000000,20.52833333333334
2026-03-25 05:55:54.000000000,41.309666666666665
2026-03-25 05:59:19.000000000,22.481666666666673
2026-03-25 06:47:09.000000000,30.152
2026-03-25 06:59:17.000000000,110.297
2026-03-25 06:59:28.000000000,8.884666666666666
2026-03-25 06:24:41.000000000,15.691999999999998
2026-03-25 06:23:33.000000000,17.819666666666663
2026-03-25 06:24:56.000000000,57.48866666666668
2026-03-25 06:04:09.000000000,79.69266666666665
2026-03-25 06:55:27.000000000,12.376000000000001
2026-03-25 06:45:45.000000000,65.91833333333334
2026-03-25 06:43:53.000000000,26.69433333333333
2026-03-25 06:52:31.000000000,19.06966666666667
2026-03-25 06:01:33.000000000,12.744333333333334
2026-03-25 07:53:00.000000000,11.788999999999998
2026-03-25 07:19:13.000000000,11.673999999999998
2026-03-25 07:45:08.000000000,23.81433333333334
2026-03-25 07:48:49.000000000,24.788333333333338
2026-03-25 07:53:40.000000000,65.5706666666667
2026-03-25 07:00:09.000000000,10.700666666666667
2026-03-25 07:35:07.000000000,21.404999999999998
2026-03-25 07:17:12.000000000,8.561
2026-03-25 07:27:37.000000000,13.943999999999997
2026-03-25 07:46:10.000000000,10.057000000000004
2026-03-25 07:46:09.000000000,140.66099999999997
2026-03-25 07:54:03.000000000,46.23466666666666
2026-03-25 07:00:41.000000000,9.977666666666664
2026-03-25 07:29:10.000000000,7.184999999999999
2026-03-25 07:53:50.000000000,32.09333333333334
2026-03-25 08:24:42.000000000,21.95266666666667
2026-03-25 08:47:34.000000000,23.289333333333328
2026-03-25 08:30:20.000000000,16.12933333333333
2026-03-25 08:56:33.000000000,11.226333333333331
2026-03-25 08:40:10.000000000,20.78533333333333
2026-03-25 08:12:58.000000000,14.390333333333334
2026-03-25 08:58:05.000000000,10.30433333333333
2026-03-25 08:14:37.000000000,15.426333333333332
2026-03-25 08:03:11.000000000,12.419666666666668
2026-03-25 08:18:18.000000000,15.842333333333334
2026-03-25 08:25:54.000000000,6.006333333333333
2026-03-25 08:56:31.000000000,8.344000000000001
2026-03-25 08:33:37.000000000,23.401
2026-03-25 08:07:36.000000000,23.00133333333333
2026-03-25 08:05:33.000000000,34.274
2026-03-25 08:00:40.000000000,12.461666666666664
2026-03-25 08:29:21.000000000,27.479333333333322
2026-03-25 08:14:18.000000000,9.44
2026-03-25 08:09:00.000000000,19.330333333333336
2026-03-25 08:23:28.000000000,26.508666666666663
2026-03-25 08:53:20.000000000,11.301666666666666
2026-03-25 09:32:46.000000000,9.716333333333337
2026-03-25 09:58:55.000000000,29.064666666666664
2026-03-25 09:59:17.000000000,9.045666666666666
2026-03-25 09:59:04.000000000,15.837333333333332
2026-03-25 09:32:50.000000000,121.39133333333335
2026-03-25 09:15:31.000000000,16.970333333333333
2026-03-25 09:58:12.000000000,24.173
2026-03-25 09:52:44.000000000,8.362999999999998
2026-03-25 09:10:26.000000000,36.56466666666667
2026-03-25 09:28:05.000000000,22.443333333333335
2026-03-25 09:31:36.000000000,26.65833333333334
2026-03-25 09:19:04.000000000,54.49299999999999
2026-03-25 09:29:54.000000000,22.507333333333335
2026-03-25 09:06:01.000000000,60.53199999999999
2026-03-25 09:50:25.000000000,64.67033333333333
2026-03-25 09:18:27.000000000,31.052666666666667
2026-03-25 09:49:14.000000000,27.676666666666673
2026-03-25 10:50:57.000000000,35.22233333333334
2026-03-25 10:59:34.000000000,14.487999999999998
2026-03-25 10:39:21.000000000,36.10166666666667
2026-03-25 10:46:36.000000000,19.381999999999998
2026-03-25 10:14:06.000000000,19.17133333333333
2026-03-25 10:24:44.000000000,11.164666666666669
2026-03-25 10:45:16.000000000,7.5013333333333305
2026-03-25 10:55:45.000000000,31.985333333333337
2026-03-25 10:33:13.000000000,32.014
2026-03-25 10:31:59.000000000,48.70866666666667
2026-03-25 10:56:32.000000000,115.67433333333332
2026-03-25 10:49:48.000000000,14.866999999999996
2026-03-25 10:14:57.000000000,7.800999999999999
2026-03-25 10:13:20.000000000,29.67333333333333
2026-03-25 11:58:21.000000000,28.543
2026-03-25 11:30:24.000000000,17.650333333333332
2026-03-25 11:35:30.000000000,18.787666666666667
2026-03-25 11:05:08.000000000,16.476333333333336
2026-03-25 11:39:02.000000000,58.92333333333333
2026-03-25 11:36:16.000000000,8.582333333333334
2026-03-25 11:49:41.000000000,15.889333333333333
2026-03-25 11:20:35.000000000,16.019
2026-03-25 11:13:01.000000000,47.78633333333333
2026-03-25 11:40:49.000000000,126.15
2026-03-25 11:50:23.000000000,158.51166666666666
2026-03-25 12:22:35.000000000,44.58733333333334
2026-03-25 12:04:17.000000000,39.49833333333333
2026-03-25 12:23:57.000000000,43.01966666666667
2026-03-25 12:22:15.000000000,57.24933333333333
2026-03-25 12:15:57.000000000,31.01733333333333
2026-03-25 12:57:13.000000000,36.61566666666666
2026-03-25 12:51:14.000000000,11.715333333333332
2026-03-25 12:45:04.000000000,7.442333333333331
2026-03-25 12:58:50.000000000,9.034666666666668
2026-03-25 12:18:10.000000000,8.126
2026-03-25 12:52:30.000000000,24.886999999999993
2026-03-25 12:26:46.000000000,26.487333333333336
2026-03-25 12:08:15.000000000,45.823333333333316
2026-03-25 12:46:16.000000000,228.339
2026-03-25 12:48:43.000000000,21.648333333333337
2026-03-25 12:43:43.000000000,21.242333333333328
2026-03-25 12:31:20.000000000,28.259666666666668
2026-03-25 13:29:30.000000000,11.21666666666667
2026-03-25 13:15:11.000000000,11.369666666666662
2026-03-25 13:17:49.000000000,51.855333333333334
2026-03-25 13:11:05.000000000,78.94033333333331
2026-03-25 13:13:35.000000000,8.713666666666667
2026-03-25 13:36:28.000000000,8.774666666666667
2026-03-25 13:19:44.000000000,87.43299999999998
2026-03-25 13:50:31.000000000,43.058333333333316
2026-03-25 13:48:57.000000000,19.512999999999998
2026-03-25 13:40:11.000000000,54.08833333333334
2026-03-25 13:07:27.000000000,15.908999999999995
2026-03-25 13:46:23.000000000,18.847666666666672
2026-03-25 13:01:36.000000000,15.355333333333334
2026-03-25 13:19:06.000000000,19.762000000000004
2026-03-25 14:53:59.000000000,13.669666666666668
2026-03-25 14:46:03.000000000,56.37599999999998
2026-03-25 14:36:48.000000000,35.27233333333333
2026-03-25 14:38:31.000000000,26.488000000000003
2026-03-25 14:57:52.000000000,8.805666666666665
2026-03-25 14:54:30.000000000,16.74366666666667
2026-03-25 14:37:50.000000000,67.13566666666665
2026-03-25 14:09:05.000000000,18.899000000000004
2026-03-25 14:23:46.000000000,9.767
2026-03-25 14:11:58.000000000,21.683999999999987
2026-03-25 14:09:32.000000000,8.907666666666666
2026-03-25 14:01:46.000000000,56.961333333333314
2026-03-25 14:01:32.000000000,7.296333333333334
2026-03-25 15:54:52.000000000,8.060666666666668
2026-03-25 15:26:15.000000000,21.426666666666666
2026-03-25 15:55:10.000000000,66.964
2026-03-25 15:26:48.000000000,30.333999999999996
2026-03-25 15:17:23.000000000,25.591000000000005
2026-03-25 15:09:51.000000000,14.066666666666665
2026-03-25 15:17:20.000000000,67.58933333333333
2026-03-25 15:24:21.000000000,14.015333333333334
2026-03-25 15:50:56.000000000,10.12133333333333
2026-03-25 15:37:11.000000000,28.00233333333333
2026-03-25 15:02:41.000000000,53.06533333333335
2026-03-25 15:20:38.000000000,24.788666666666664
2026-03-25 15:04:48.000000000,7.337
2026-03-25 15:24:38.000000000,15.39633333333334
2026-03-25 16:29:07.000000000,18.94233333333333
2026-03-25 16:46:25.000000000,19.04733333333333
2026-03-25 16:20:08.000000000,10.503333333333334
2026-03-25 16:42:10.000000000,54.41066666666667
2026-03-25 16:07:00.000000000,121.91600000000004
2026-03-25 16:49:04.000000000,16.008000000000003
2026-03-25 16:08:05.000000000,38.325
2026-03-25 16:34:23.000000000,39.907333333333334
2026-03-25 16:08:28.000000000,21.456333333333326
2026-03-25 16:52:33.000000000,22.002666666666663
2026-03-25 16:02:18.000000000,31.91666666666667
2026-03-25 16:45:07.000000000,385.9906666666666
2026-03-25 16:12:38.000000000,58.42999999999999
2026-03-25 16:16:24.000000000,40.04366666666667
2026-03-25 16:04:46.000000000,52.684000000000005
2026-03-25 16:30:31.000000000,8.826666666666663
2026-03-25 16:09:38.000000000,24.50366666666667
2026-03-25 17:28:47.000000000,26.407666666666664
2026-03-25 17:32:27.000000000,52.88666666666667
2026-03-25 17:37:31.000000000,8.035
2026-03-25 17:32:19.000000000,11.330333333333336
2026-03-25 17:44:01.000000000,15.405999999999999
2026-03-25 17:10:22.000000000,10.779666666666664
2026-03-25 17:30:42.000000000,11.050000000000004
2026-03-25 17:28:51.000000000,20.271666666666665
2026-03-25 17:06:16.000000000,22.884666666666668
2026-03-25 17:59:06.000000000,28.766333333333343
2026-03-25 17:26:30.000000000,121.34466666666668
2026-03-25 17:18:12.000000000,8.0
2026-03-25 17:03:29.000000000,11.06766666666667
2026-03-25 17:58:03.000000000,30.982666666666663
2026-03-25 17:19:09.000000000,23.682
2026-03-25 17:58:11.000000000,11.016333333333334
2026-03-25 17:45:09.000000000,7.922666666666666
2026-03-25 18:43:36.000000000,17.991999999999994
2026-03-25 18:23:29.000000000,36.091
2026-03-25 18:52:45.000000000,27.651333333333334
2026-03-25 18:09:41.000000000,41.15566666666667
2026-03-25 18:21:50.000000000,97.09200000000003
2026-03-25 18:39:33.000000000,19.107999999999997
2026-03-25 18:26:42.000000000,66.57933333333334
2026-03-25 18:22:40.000000000,10.713666666666667
2026-03-25 18:45:36.000000000,45.68833333333335
2026-03-25 18:11:18.000000000,97.16100000000002
2026-03-25 18:47:10.000000000,10.176666666666668
2026-03-25 18:06:40.000000000,5.866
2026-03-25 18:28:19.000000000,18.223333333333336
2026-03-25 18:52:56.000000000,16.221666666666664
2026-03-25 18:59:07.000000000,20.409
2026-03-25 18:12:53.000000000,13.434333333333337
2026-03-25 19:12:28.000000000,14.585999999999997
2026-03-25 19:32:21.000000000,25.92966666666667
2026-03-25 19:38:22.000000000,6.316666666666668
2026-03-25 19:50:41.000000000,14.390666666666666
2026-03-25 19:06:22.000000000,14.850000000000003
2026-03-25 19:16:31.000000000,31.082333333333338
2026-03-25 19:13:48.000000000,7.955
2026-03-25 19:11:20.000000000,26.447000000000006
2026-03-25 19:11:37.000000000,16.881333333333334
2026-03-25 19:11:03.000000000,7.617666666666666
2026-03-25 19:36:15.000000000,11.208666666666662
2026-03-25 19:44:12.000000000,10.902
2026-03-25 19:38:37.000000000,35.57366666666666
2026-03-25 19:16:44.000000000,29.384666666666657
2026-03-25 19:20:05.000000000,13.766333333333334
2026-03-25 19:25:12.000000000,10.552333333333335
2026-03-25 20:23:27.000000000,73.05266666666667
2026-03-25 20:02:25.000000000,73.00466666666667
2026-03-25 20:36:14.000000000,24.951333333333327
2026-03-25 20:26:15.000000000,7.907333333333332
2026-03-25 20:35:22.000000000,10.473000000000003
2026-03-25 20:02:31.000000000,30.935000000000006
2026-03-25 20:22:16.000000000,12.72666666666667
2026-03-25 20:41:40.000000000,60.47366666666667
2026-03-25 20:32:22.000000000,39.59233333333334
2026-03-25 20:01:46.000000000,7.304333333333333
2026-03-25 20:44:15.000000000,6.906999999999999
2026-03-25 20:20:56.000000000,38.57300000000001
2026-03-25 20:16:12.000000000,11.352666666666666
2026-03-25 20:05:18.000000000,10.720666666666666
2026-03-25 21:50:39.000000000,69.74299999999997
2026-03-25 21:33:32.000000000,29.490333333333336
2026-03-25 21:12:59.000000000,97.60966666666668
2026-03-25 21:04:13.000000000,16.732999999999997
2026-03-25 21:34:00.000000000,16.787333333333336
2026-03-25 21:16:08.000000000,9.991333333333333
2026-03-25 21:14:05.000000000,11.185
2026-03-25 21:26:21.000000000,29.84333333333333
2026-03-25 21:05:50.000000000,29.858999999999995
2026-03-25 21:34:26.000000000,56.105333333333334
2026-03-25 22:45:03.000000000,30.598000000000013
2026-03-25 22:43:47.000000000,31.915333333333333
2026-03-25 22:39:57.000000000,15.827666666666667
2026-03-25 22:06:01.000000000,44.21
2026-03-25 22:16:13.000000000,13.441666666666668
2026-03-25 22:03:23.000000000,8.930666666666667
2026-03-25 22:52:10.000000000,63.911333333333346
2026-03-25 22:56:39.000000000,23.967
2026-03-25 22:23:52.000000000,18.887666666666664
2026-03-25 22:25:03.000000000,14.978666666666669
2026-03-25 22:55:17.000000000,15.640666666666664
2026-03-25 22:35:52.000000000,13.295666666666666
2026-03-25 22:45:18.000000000,29.547000000000004
2026-03-25 22:42:58.000000000,22.380666666666666
2026-03-25 22:05:21.000000000,32.69533333333334
2026-03-25 22:18:55.000000000,17.976333333333336
2026-03-25 22:44:36.000000000,6.621666666666668
2026-03-25 23:05:23.000000000,63.85666666666667
2026-03-25 23:21:58.000000000,7.76766666666667
2026-03-25 23:29:55.000000000,13.027333333333331
2026-03-25 23:40:56.000000000,32.11599999999999
2026-03-25 23:27:38.000000000,11.013666666666664
2026-03-26 00:21:06.000000000,14.46533333333333
2026-03-26 00:57:21.000000000,19.53466666666667
2026-03-26 00:56:42.000000000,5.668666666666667
2026-03-26 00:22:58.000000000,21.852
2026-03-26 00:20:51.000000000,5.228666666666667
2026-03-26 00:15:08.000000000,29.920000000000005
2026-03-26 00:53:41.000000000,18.275000000000002
2026-03-26 00:52:42.000000000,8.220666666666665
2026-03-26 00:07:58.000000000,10.567999999999996
2026-03-26 00:16:13.000000000,4.343666666666667
2026-03-26 01:01:33.000000000,11.701999999999998
2026-03-26 01:40:10.000000000,30.658333333333324
2026-03-26 01:33:39.000000000,27.65633333333333
2026-03-26 01:06:04.000000000,14.265999999999998
2026-03-26 01:27:17.000000000,19.609666666666666
2026-03-26 01:39:54.000000000,50.108
2026-03-26 01:07:31.000000000,40.89233333333334
2026-03-26 01:58:58.000000000,134.46033333333332
2026-03-26 02:50:49.000000000,21.85
2026-03-26 02:51:29.000000000,24.101000000000006
2026-03-26 02:54:55.000000000,53.323666666666675
2026-03-26 03:58:32.000000000,46.727
2026-03-26 03:32:50.000000000,8.762
2026-03-26 03:07:22.000000000,11.565333333333331
2026-03-26 03:48:50.000000000,13.417000000000002
2026-03-26 04:37:48.000000000,49.21033333333333
2026-03-26 04:41:23.000000000,11.997666666666664
2026-03-26 04:07:50.000000000,34.17133333333333
2026-03-26 05:28:46.000000000,19.226
2026-03-26 05:19:31.000000000,11.741000000000003
2026-03-26 05:12:28.000000000,128.64
2026-03-26 05:19:45.000000000,17.789666666666662
2026-03-26 05:10:04.000000000,35.07133333333333
2026-03-26 06:43:00.000000000,11.144
2026-03-26 06:08:42.000000000,7.727666666666665
2026-03-26 06:52:30.000000000,95.16966666666667
2026-03-26 06:46:23.000000000,5.814333333333335
2026-03-26 06:43:19.000000000,13.896333333333335
2026-03-26 06:08:35.000000000,7.297666666666665
2026-03-26 06:38:04.000000000,12.178
2026-03-26 06:35:32.000000000,26.814333333333327
2026-03-26 06:34:17.000000000,30.141666666666662
2026-03-26 07:09:24.000000000,21.680666666666674
2026-03-26 07:14:22.000000000,18.847666666666665
2026-03-26 07:33:55.000000000,35.89233333333334
2026-03-26 07:20:10.000000000,9.905333333333335
2026-03-26 07:25:37.000000000,18.821999999999996
2026-03-26 07:43:30.000000000,16.61833333333333
2026-03-26 07:04:58.000000000,20.006666666666664
2026-03-26 07:33:46.000000000,6.366666666666665
2026-03-26 07:21:27.000000000,35.42133333333334
2026-03-26 07:31:25.000000000,73.24733333333332
2026-03-26 07:31:00.000000000,62.211000000000006
2026-03-26 07:53:30.000000000,29.17433333333333
2026-03-26 07:30:44.000000000,69.19200000000001
2026-03-26 07:12:25.000000000,32.285333333333334
2026-03-26 07:57:33.000000000,26.114333333333327
2026-03-26 07:59:51.000000000,105.96933333333331
2026-03-26 07:50:47.000000000,41.963666666666654
2026-03-26 07:23:58.000000000,31.286333333333335
2026-03-26 07:21:24.000000000,18.362666666666666
2026-03-26 07:33:44.000000000,11.929666666666666
2026-03-26 08:30:01.000000000,38.492
2026-03-26 08:15:28.000000000,9.702666666666666
2026-03-26 08:49:25.000000000,27.399666666666658
2026-03-26 08:26:29.000000000,12.63466666666667
2026-03-26 08:27:04.000000000,30.37033333333334
2026-03-26 08:45:27.000000000,6.584666666666665
2026-03-26 08:36:16.000000000,10.608333333333333
2026-03-26 08:02:36.000000000,25.27966666666667
2026-03-26 08:21:27.000000000,138.72633333333332
2026-03-26 08:03:32.000000000,23.37566666666667
2026-03-26 08:44:46.000000000,24.226999999999993
2026-03-26 08:43:30.000000000,34.969
2026-03-26 08:32:52.000000000,13.492666666666663
2026-03-26 08:41:03.000000000,8.32066666666667
2026-03-26 08:16:30.000000000,16.632
2026-03-26 08:40:33.000000000,12.936666666666664
2026-03-26 08:29:49.000000000,30.64966666666667
2026-03-26 08:46:54.000000000,30.252666666666663
2026-03-26 08:28:38.000000000,26.55266666666667
2026-03-26 08:27:02.000000000,15.064333333333334
2026-03-26 08:07:36.000000000,18.87166666666667
2026-03-26 08:14:19.000000000,10.569333333333335
2026-03-26 08:42:41.000000000,5.533
2026-03-26 08:10:14.000000000,35.11433333333333
2026-03-26 08:40:47.000000000,21.562333333333335
2026-03-26 09:01:54.000000000,83.36166666666666
2026-03-26 09:12:38.000000000,69.00233333333334
2026-03-26 09:53:55.000000000,15.451333333333332
2026-03-26 09:31:26.000000000,17.403
2026-03-26 09:11:02.000000000,17.192666666666664
2026-03-26 09:23:22.000000000,14.175000000000002
2026-03-26 09:23:03.000000000,60.866666666666674
2026-03-26 09:28:42.000000000,14.604999999999999
2026-03-26 09:09:16.000000000,98.64766666666668
2026-03-26 09:23:06.000000000,8.110333333333333
2026-03-26 09:47:43.000000000,10.873666666666667
2026-03-26 09:07:25.000000000,31.122666666666678
2026-03-26 09:16:19.000000000,35.21433333333333
2026-03-26 09:42:11.000000000,8.896333333333335
2026-03-26 09:06:23.000000000,11.236333333333334
2026-03-26 09:39:30.000000000,16.328666666666667
2026-03-26 09:10:34.000000000,11.855333333333334
2026-03-26 09:16:05.000000000,8.038999999999998
2026-03-26 10:57:36.000000000,35.63533333333332
2026-03-26 10:01:16.000000000,33.475666666666676
2026-03-26 10:50:55.000000000,128.25866666666664
2026-03-26 10:57:51.000000000,11.483333333333333
2026-03-26 10:14:57.000000000,18.322999999999993
2026-03-26 10:21:35.000000000,23.363666666666667
2026-03-26 10:56:48.000000000,41.09466666666666
2026-03-26 10:33:28.000000000,74.35633333333332
2026-03-26 10:15:24.000000000,34.757666666666665
2026-03-26 10:18:34.000000000,31.295666666666666
2026-03-26 10:22:59.000000000,98.56233333333333
2026-03-26 10:09:15.000000000,8.277333333333333
2026-03-26 10:04:11.000000000,10.806333333333333
2026-03-26 10:00:14.000000000,18.21466666666667
2026-03-26 11:40:40.000000000,21.37433333333333
2026-03-26 11:49:10.000000000,8.243333333333332
2026-03-26 11:32:10.000000000,16.792333333333332
2026-03-26 11:32:37.000000000,86.68333333333334
2026-03-26 11:52:19.000000000,16.64966666666667
2026-03-26 11:19:20.000000000,12.909666666666668
2026-03-26 11:32:56.000000000,120.8133333333333
2026-03-26 11:21:28.000000000,11.203333333333335
2026-03-26 11:21:51.000000000,12.549666666666667
2026-03-26 11:13:34.000000000,6.038666666666669
2026-03-26 11:53:53.000000000,11.823666666666668
2026-03-26 12:07:02.000000000,38.77533333333333
2026-03-26 12:01:09.000000000,12.968666666666666
2026-03-26 12:08:18.000000000,8.561666666666664
2026-03-26 12:56:31.000000000,59.02566666666668
2026-03-26 12:11:20.000000000,7.631999999999997
2026-03-26 12:30:39.000000000,28.268666666666658
2026-03-26 12:01:17.000000000,12.347333333333331
2026-03-26 12:12:03.000000000,71.41099999999999
2026-03-26 12:58:29.000000000,47.85333333333335
2026-03-26 12:08:06.000000000,15.452
2026-03-26 13:34:03.000000000,72.534
2026-03-26 13:06:09.000000000,19.409333333333333
2026-03-26 13:37:30.000000000,27.07133333333333
2026-03-26 13:28:39.000000000,49.918
2026-03-26 13:40:35.000000000,21.863666666666667
2026-03-26 13:27:16.000000000,46.03466666666667
2026-03-26 13:50:52.000000000,17.890666666666664
2026-03-26 13:03:23.000000000,9.184333333333331
2026-03-26 13:10:32.000000000,94.35466666666665
2026-03-26 13:46:30.000000000,17.625333333333334
2026-03-26 13:47:41.000000000,16.506333333333334
2026-03-26 13:14:23.000000000,24.323
2026-03-26 13:50:03.000000000,9.103999999999997
2026-03-26 13:47:06.000000000,180.53600000000003
2026-03-26 13:53:46.000000000,63.355999999999995
2026-03-26 14:35:38.000000000,13.271666666666668
2026-03-26 14:17:11.000000000,11.41366666666667
2026-03-26 14:04:43.000000000,31.55566666666666
2026-03-26 14:30:55.000000000,25.68433333333333
2026-03-26 14:34:30.000000000,35.708999999999996
2026-03-26 14:24:05.000000000,28.022333333333332
2026-03-26 14:18:19.000000000,20.232999999999993
2026-03-26 14:30:51.000000000,34.72833333333334
2026-03-26 14:58:05.000000000,89.39600000000004
2026-03-26 14:12:25.000000000,78.592
2026-03-26 14:56:23.000000000,18.341333333333335
2026-03-26 14:34:57.000000000,11.857
2026-03-26 14:10:11.000000000,19.057666666666663
2026-03-26 15:08:52.000000000,10.675
2026-03-26 15:56:06.000000000,11.707333333333334
2026-03-26 15:19:34.000000000,28.634333333333327
2026-03-26 15:28:51.000000000,11.750666666666662
2026-03-26 15:51:05.000000000,25.782666666666664
2026-03-26 15:58:43.000000000,35.91233333333332
2026-03-26 15:48:01.000000000,19.052
2026-03-26 15:17:40.000000000,7.311333333333332
2026-03-26 15:52:43.000000000,7.9606666666666674
2026-03-26 15:46:43.000000000,14.760666666666669
2026-03-26 15:42:25.000000000,9.889333333333331
2026-03-26 15:53:13.000000000,13.397000000000002
2026-03-26 15:01:09.000000000,14.149666666666667
2026-03-26 15:49:18.000000000,33.528
2026-03-26 15:42:38.000000000,86.041
2026-03-26 15:48:02.000000000,45.59566666666665
2026-03-26 15:53:04.000000000,217.7786666666667
2026-03-26 15:01:56.000000000,40.172333333333334
2026-03-26 16:08:38.000000000,15.639000000000001
2026-03-26 16:39:29.000000000,14.963333333333336
2026-03-26 16:17:37.000000000,21.029999999999994
2026-03-26 16:45:24.000000000,104.93533333333333
2026-03-26 16:22:23.000000000,12.929999999999996
2026-03-26 16:11:50.000000000,18.267666666666667
2026-03-26 16:55:03.000000000,26.883999999999997
2026-03-26 16:28:35.000000000,24.127333333333333
2026-03-26 16:37:48.000000000,34.605666666666664
2026-03-26 16:12:29.000000000,21.705666666666662
2026-03-26 16:38:41.000000000,7.935666666666667
2026-03-26 16:45:33.000000000,95.89166666666665
2026-03-26 16:44:14.000000000,21.803333333333338
2026-03-26 16:03:00.000000000,101.32799999999997
2026-03-26 16:52:57.000000000,16.65166666666667
2026-03-26 16:24:37.000000000,9.598999999999998
2026-03-26 16:00:10.000000000,171.60833333333332
2026-03-26 17:20:15.000000000,27.979333333333333
2026-03-26 17:15:23.000000000,26.500333333333334
2026-03-26 17:52:41.000000000,12.943333333333333
2026-03-26 17:50:47.000000000,10.300333333333333
2026-03-26 17:32:23.000000000,16.86133333333333
2026-03-26 17:48:07.000000000,43.731
2026-03-26 17:08:19.000000000,28.060666666666673
2026-03-26 17:26:39.000000000,11.394666666666668
2026-03-26 17:48:17.000000000,16.268000000000004
2026-03-26 17:22:04.000000000,76.96499999999999
2026-03-26 17:41:27.000000000,16.994666666666667
2026-03-26 17:53:26.000000000,33.00533333333335
2026-03-26 17:08:44.000000000,14.665666666666672
2026-03-26 17:27:31.000000000,9.586999999999996
2026-03-26 17:10:48.000000000,7.732
2026-03-26 17:36:37.000000000,12.952333333333332
2026-03-26 17:27:46.000000000,47.91599999999999
2026-03-26 17:55:32.000000000,8.214333333333334
2026-03-26 17:19:48.000000000,8.447000000000001
2026-03-26 18:16:08.000000000,23.10033333333332
2026-03-26 18:07:28.000000000,8.200999999999999
2026-03-26 18:50:03.000000000,24.614
2026-03-26 18:31:01.000000000,20.660000000000004
2026-03-26 18:06:20.000000000,27.073666666666664
2026-03-26 18:34:44.000000000,14.864333333333331
2026-03-26 18:41:13.000000000,18.942666666666675
2026-03-26 18:39:42.000000000,21.42333333333334
2026-03-26 18:46:19.000000000,67.88933333333334
2026-03-26 18:48:36.000000000,9.636999999999999
2026-03-26 18:23:59.000000000,20.837
2026-03-26 18:46:55.000000000,13.426333333333336
2026-03-26 18:42:14.000000000,24.948
2026-03-26 18:17:11.000000000,27.97033333333333
2026-03-26 19:42:53.000000000,8.867333333333333
2026-03-26 19:35:55.000000000,15.532333333333328
2026-03-26 19:45:55.000000000,32.61333333333333
2026-03-26 19:06:03.000000000,39.34866666666667
2026-03-26 19:11:57.000000000,8.775999999999998
2026-03-26 19:00:18.000000000,17.536
2026-03-26 19:45:06.000000000,53.37366666666665
2026-03-26 19:44:22.000000000,14.606666666666667
2026-03-26 19:42:35.000000000,50.32633333333334
2026-03-26 19:10:31.000000000,12.067666666666668
2026-03-26 19:41:27.000000000,121.38133333333332
2026-03-26 19:37:23.000000000,63.12200000000003
2026-03-26 19:20:13.000000000,16.313000000000002
2026-03-26 19:00:38.000000000,13.438999999999998
2026-03-26 19:33:01.000000000,45.88699999999999
2026-03-26 19:58:40.000000000,16.51133333333333
2026-03-26 19:29:49.000000000,50.87
2026-03-26 19:33:26.000000000,9.792000000000002
2026-03-26 20:06:37.000000000,12.57333333333333
2026-03-26 20:38:32.000000000,18.704
2026-03-26 20:31:51.000000000,35.11133333333334
2026-03-26 20:05:54.000000000,23.059000000000005
2026-03-26 20:02:42.000000000,9.712666666666667
2026-03-26 20:20:07.000000000,15.65466666666667
2026-03-26 20:19:46.000000000,10.018000000000002
2026-03-26 20:03:40.000000000,42.042
2026-03-26 20:38:43.000000000,100.57433333333331
2026-03-26 20:32:03.000000000,7.950666666666668
2026-03-26 21:16:20.000000000,68.61333333333336
2026-03-26 21:24:44.000000000,45.977
2026-03-26 21:20:58.000000000,10.230999999999998
2026-03-26 21:58:08.000000000,12.305333333333328
2026-03-26 21:28:33.000000000,27.31966666666666
2026-03-26 21:17:41.000000000,26.059999999999995
2026-03-26 21:00:45.000000000,63.80633333333331
2026-03-26 21:45:18.000000000,50.61066666666668
2026-03-26 21:49:58.000000000,67.243
2026-03-26 21:34:44.000000000,28.304666666666666
2026-03-26 21:33:10.000000000,34.71566666666667
2026-03-26 21:41:17.000000000,38.63200000000001
2026-03-26 21:16:54.000000000,29.085
2026-03-26 21:51:08.000000000,24.220999999999997
2026-03-26 21:49:38.000000000,25.62033333333334
2026-03-26 22:02:07.000000000,63.72199999999999
2026-03-26 22:26:03.000000000,9.209
2026-03-26 22:53:19.000000000,7.221000000000001
2026-03-26 22:21:17.000000000,29.569999999999993
2026-03-26 22:24:47.000000000,31.305666666666664
2026-03-26 22:09:08.000000000,29.105666666666668
2026-03-26 22:13:54.000000000,6.259333333333333
2026-03-26 22:58:45.000000000,27.125666666666664
2026-03-26 22:00:57.000000000,22.75633333333333
2026-03-26 22:44:22.000000000,63.068999999999996
2026-03-26 22:34:17.000000000,28.69366666666666
2026-03-26 22:09:18.000000000,15.865666666666666
2026-03-26 22:58:00.000000000,18.995
2026-03-26 22:26:16.000000000,18.579333333333334
2026-03-26 22:02:56.000000000,91.44466666666668
2026-03-26 22:38:20.000000000,10.867666666666667
2026-03-26 22:21:00.000000000,40.21766666666667
2026-03-26 22:57:51.000000000,32.21033333333333
2026-03-26 22:56:57.000000000,10.610333333333333
2026-03-26 22:27:24.000000000,14.495999999999997
2026-03-26 23:29:32.000000000,21.769666666666673
2026-03-26 23:07:51.000000000,32.10266666666667
2026-03-26 23:14:33.000000000,45.765
2026-03-26 23:29:15.000000000,19.506666666666668
2026-03-26 23:08:33.000000000,29.05966666666666
2026-03-26 23:04:47.000000000,15.114333333333326
2026-03-26 23:20:19.000000000,25.196666666666662
2026-03-26 23:49:13.000000000,19.44266666666666
2026-03-26 23:19:26.000000000,38.74333333333335
2026-03-26 23:11:52.000000000,28.265333333333334
2026-03-26 23:21:36.000000000,29.938333333333325
2026-03-26 23:14:24.000000000,39.93866666666668
2026-03-26 23:57:16.000000000,13.831333333333331
2026-03-27 00:40:55.000000000,27.809
2026-03-27 00:31:54.000000000,42.212666666666664
2026-03-27 00:45:59.000000000,164.67433333333335
2026-03-27 00:39:48.000000000,15.996333333333329
2026-03-27 00:42:35.000000000,5.834333333333334
2026-03-27 00:40:48.000000000,12.965666666666664
2026-03-27 00:12:51.000000000,32.968999999999994
2026-03-27 00:26:15.000000000,11.795666666666666
2026-03-27 00:40:32.000000000,111.08066666666667
2026-03-27 01:35:51.000000000,39.97666666666667
2026-03-27 01:35:05.000000000,34.919000000000004
2026-03-27 01:32:21.000000000,91.66
2026-03-27 01:42:36.000000000,15.135999999999997
2026-03-27 01:30:27.000000000,8.925666666666666
2026-03-27 01:31:47.000000000,10.948333333333332
2026-03-27 01:02:37.000000000,14.958999999999996
2026-03-27 02:48:09.000000000,11.605000000000002
2026-03-27 02:16:21.000000000,29.378333333333337
2026-03-27 02:35:01.000000000,8.431666666666665
2026-03-27 02:50:59.000000000,27.055999999999997
2026-03-27 02:17:06.000000000,20.067
2026-03-27 02:56:54.000000000,30.213999999999995
2026-03-27 02:36:33.000000000,5.524333333333333
2026-03-27 03:43:31.000000000,9.613999999999999
2026-03-27 03:36:25.000000000,60.65933333333333
2026-03-27 03:58:45.000000000,35.980333333333334
2026-03-27 03:25:36.000000000,58.44833333333334
2026-03-27 03:14:47.000000000,27.017333333333333
2026-03-27 04:31:41.000000000,51.664000000000016
2026-03-27 04:09:49.000000000,42.757666666666665
2026-03-27 04:31:31.000000000,38.701
2026-03-27 04:41:23.000000000,25.440666666666672
2026-03-27 04:46:19.000000000,36.443999999999996
2026-03-27 04:19:19.000000000,50.33033333333333
2026-03-27 04:22:09.000000000,67.53999999999999
2026-03-27 05:25:11.000000000,40.62733333333335
2026-03-27 05:23:37.000000000,68.39033333333333
2026-03-27 05:46:34.000000000,26.301333333333325
2026-03-27 05:03:22.000000000,16.103000000000005
2026-03-27 05:34:59.000000000,12.869
2026-03-27 05:56:00.000000000,21.302999999999997
2026-03-27 05:12:43.000000000,72.54266666666666
2026-03-27 06:35:38.000000000,65.619
2026-03-27 06:58:00.000000000,38.78166666666666
2026-03-27 06:43:19.000000000,95.38799999999999
2026-03-27 06:05:36.000000000,22.14166666666667
2026-03-27 06:01:00.000000000,69.70699999999998
2026-03-27 06:10:08.000000000,65.82999999999997
2026-03-27 06:03:19.000000000,46.48333333333334
2026-03-27 07:03:55.000000000,23.880333333333336
2026-03-27 07:17:48.000000000,55.77066666666667
2026-03-27 07:51:47.000000000,37.23500000000001
2026-03-27 07:24:30.000000000,14.68266666666667
2026-03-27 07:45:18.000000000,12.882333333333333
2026-03-27 07:42:58.000000000,25.258666666666667
2026-03-27 07:17:29.000000000,9.511333333333333
2026-03-27 07:11:22.000000000,16.765999999999995
2026-03-27 07:27:54.000000000,8.588666666666665
2026-03-27 07:37:38.000000000,9.018000000000002
2026-03-27 07:10:18.000000000,6.451333333333333
2026-03-27 07:55:28.000000000,22.619666666666667
2026-03-27 07:09:03.000000000,62.234000000000016
2026-03-27 07:34:37.000000000,27.74466666666666
2026-03-27 07:29:17.000000000,17.119000000000007
2026-03-27 07:57:13.000000000,12.49466666666667
2026-03-27 07:32:46.000000000,19.84833333333334
2026-03-27 07:37:32.000000000,36.53999999999999
2026-03-27 08:06:10.000000000,14.150666666666666
2026-03-27 08:02:47.000000000,13.358333333333336
2026-03-27 08:25:46.000000000,119.79366666666667
2026-03-27 08:48:54.000000000,31.95666666666666
2026-03-27 08:52:27.000000000,20.82766666666667
2026-03-27 08:55:09.000000000,9.945333333333332
2026-03-27 08:12:03.000000000,25.428999999999995
2026-03-27 08:21:41.000000000,10.919666666666664
2026-03-27 08:41:54.000000000,13.325666666666661
2026-03-27 08:36:39.000000000,22.062
2026-03-27 08:26:32.000000000,18.809333333333335
2026-03-27 08:09:47.000000000,20.779
2026-03-27 08:18:09.000000000,9.023333333333333
2026-03-27 08:54:02.000000000,57.421999999999976
2026-03-27 08:26:07.000000000,10.27566666666667
2026-03-27 08:42:22.000000000,8.131333333333334
2026-03-27 08:55:20.000000000,12.397999999999998
2026-03-27 08:12:37.000000000,30.264000000000003
2026-03-27 08:59:19.000000000,17.702999999999996
2026-03-27 08:39:48.000000000,22.289333333333328
2026-03-27 09:20:34.000000000,17.63933333333334
2026-03-27 09:19:31.000000000,45.28833333333333
2026-03-27 09:17:14.000000000,150.02833333333334
2026-03-27 09:59:19.000000000,7.740333333333334
2026-03-27 09:42:43.000000000,42.82933333333334
2026-03-27 09:20:27.000000000,28.64066666666667
2026-03-27 09:29:33.000000000,38.96366666666666
2026-03-27 09:23:14.000000000,48.04099999999999
2026-03-27 09:23:33.000000000,31.27533333333333
2026-03-27 09:41:35.000000000,21.923999999999992
2026-03-27 09:51:07.000000000,68.92000000000002
2026-03-27 09:43:46.000000000,22.464666666666663
2026-03-27 09:55:35.000000000,8.821000000000002
2026-03-27 09:17:15.000000000,22.67933333333333
2026-03-27 09:52:34.000000000,44.84633333333334
2026-03-27 10:31:11.000000000,23.121000000000002
2026-03-27 10:35:37.000000000,6.284999999999999
2026-03-27 10:39:49.000000000,14.793999999999999
2026-03-27 10:33:20.000000000,25.50433333333333
2026-03-27 10:05:22.000000000,33.09
2026-03-27 10:13:56.000000000,8.221666666666668
2026-03-27 10:47:08.000000000,36.18033333333333
2026-03-27 10:33:39.000000000,8.630999999999997
2026-03-27 10:11:04.000000000,28.284333333333333
2026-03-27 10:01:20.000000000,72.97433333333332
2026-03-27 11:25:46.000000000,15.037333333333331
2026-03-27 11:15:34.000000000,44.083666666666666
2026-03-27 11:20:35.000000000,10.501000000000003
2026-03-27 11:55:15.000000000,16.831666666666663
2026-03-27 11:53:44.000000000,26.569000000000003
2026-03-27 11:21:11.000000000,45.56466666666667
2026-03-27 11:49:02.000000000,23.62066666666666
2026-03-27 11:58:36.000000000,15.302666666666669
2026-03-27 11:43:09.000000000,25.967000000000002
2026-03-27 11:27:12.000000000,33.714666666666666
2026-03-27 11:32:47.000000000,21.654333333333334
2026-03-27 11:10:49.000000000,22.45766666666667
2026-03-27 11:23:27.000000000,13.64133333333333
2026-03-27 11:06:59.000000000,22.034
2026-03-27 12:23:13.000000000,36.096666666666664
2026-03-27 12:25:17.000000000,56.100333333333325
2026-03-27 12:44:47.000000000,36.934666666666665
2026-03-27 12:35:13.000000000,18.68666666666667
2026-03-27 12:54:51.000000000,19.234666666666666
2026-03-27 12:19:33.000000000,19.000999999999998
2026-03-27 12:02:47.000000000,35.97666666666667
2026-03-27 12:05:02.000000000,64.83566666666665
2026-03-27 12:15:47.000000000,23.651333333333337
2026-03-27 12:05:15.000000000,33.75133333333334
2026-03-27 12:25:41.000000000,14.220666666666666
2026-03-27 12:27:04.000000000,35.79133333333334
2026-03-27 13:42:12.000000000,16.19366666666666
2026-03-27 13:05:50.000000000,45.007333333333335
2026-03-27 13:07:02.000000000,16.688666666666663
2026-03-27 13:24:13.000000000,23.85866666666666
2026-03-27 13:14:07.000000000,20.624666666666666
2026-03-27 13:11:39.000000000,28.924666666666663
2026-03-27 13:22:14.000000000,10.838
2026-03-27 13:56:21.000000000,37.57133333333333
2026-03-27 13:57:50.000000000,69.37233333333333
2026-03-27 13:27:49.000000000,10.857999999999999
2026-03-27 13:51:40.000000000,11.218
2026-03-27 13:53:42.000000000,28.917999999999996
2026-03-27 13:36:53.000000000,65.71866666666668
2026-03-27 13:46:18.000000000,39.69433333333333
2026-03-27 13:11:23.000000000,22.51066666666667
2026-03-27 13:25:17.000000000,26.254333333333328
2026-03-27 13:04:20.000000000,28.374666666666666
2026-03-27 13:13:54.000000000,26.196333333333328
2026-03-27 13:37:14.000000000,33.56166666666668
2026-03-27 14:16:41.000000000,9.493666666666666
2026-03-27 14:37:48.000000000,24.551333333333336
2026-03-27 14:32:23.000000000,10.188
2026-03-27 14:37:38.000000000,17.897999999999993
2026-03-27 14:20:20.000000000,17.681333333333335
2026-03-27 14:42:52.000000000,15.536666666666665
2026-03-27 14:21:07.000000000,20.119000000000003
2026-03-27 14:42:00.000000000,28.302999999999994
2026-03-27 14:30:13.000000000,45.234
2026-03-27 14:44:12.000000000,10.083333333333336
2026-03-27 14:43:36.000000000,71.37100000000001
2026-03-27 14:56:46.000000000,26.635666666666665
2026-03-27 14:43:07.000000000,17.476666666666667
2026-03-27 14:09:49.000000000,35.37500000000001
2026-03-27 14:10:37.000000000,16.720999999999997
2026-03-27 14:50:29.000000000,10.312666666666669
2026-03-27 15:54:51.000000000,19.123333333333335
2026-03-27 15:34:45.000000000,16.36866666666667
2026-03-27 15:46:25.000000000,13.489
2026-03-27 15:24:14.000000000,19.39
2026-03-27 15:17:50.000000000,26.016666666666666
2026-03-27 15:15:09.000000000,33.44433333333334
2026-03-27 15:01:41.000000000,22.675666666666675
2026-03-27 15:22:49.000000000,128.65466666666669
2026-03-27 15:54:22.000000000,95.52533333333332
2026-03-27 15:48:59.000000000,17.506666666666664
2026-03-27 15:16:36.000000000,31.039333333333328
2026-03-27 15:45:25.000000000,24.406666666666663
2026-03-27 15:56:06.000000000,16.834666666666667
2026-03-27 15:30:04.000000000,8.12
2026-03-27 15:32:56.000000000,14.360000000000003
2026-03-27 15:50:55.000000000,58.52266666666667
2026-03-27 16:40:01.000000000,23.37400000000001
2026-03-27 16:53:14.000000000,41.585666666666675
2026-03-27 16:00:24.000000000,17.333000000000002
2026-03-27 16:27:24.000000000,32.10866666666667
2026-03-27 16:56:38.000000000,48.79133333333332
2026-03-27 16:31:17.000000000,68.19699999999999
2026-03-27 16:05:09.000000000,58.176666666666684
2026-03-27 16:20:23.000000000,30.205666666666666
2026-03-27 16:05:49.000000000,10.10633333333334
2026-03-27 16:57:26.000000000,88.00933333333333
2026-03-27 16:49:41.000000000,44.632
2026-03-27 16:16:19.000000000,8.396333333333333
2026-03-27 16:06:16.000000000,40.534000000000006
2026-03-27 16:09:27.000000000,11.768000000000002
2026-03-27 16:40:56.000000000,20.219
2026-03-27 16:00:13.000000000,36.09733333333334
2026-03-27 16:53:35.000000000,13.822
2026-03-27 16:57:53.000000000,19.87866666666667
2026-03-27 16:12:04.000000000,70.45266666666666
2026-03-27 16:38:49.000000000,29.350999999999996
2026-03-27 16:31:52.000000000,9.495666666666663
2026-03-27 16:04:52.000000000,99.79366666666667
2026-03-27 17:00:44.000000000,30.76233333333334
2026-03-27 17:14:29.000000000,24.052000000000007
2026-03-27 17:12:00.000000000,7.270333333333332
2026-03-27 17:35:26.000000000,144.138
2026-03-27 17:59:58.000000000,12.029
2026-03-27 17:56:57.000000000,35.88833333333334
2026-03-27 17:24:34.000000000,20.770333333333337
2026-03-27 17:52:40.000000000,20.765333333333334
2026-03-27 17:59:12.000000000,27.336
2026-03-27 17:24:38.000000000,5.981
2026-03-27 17:00:58.000000000,23.66
2026-03-27 17:04:28.000000000,15.618
2026-03-27 17:17:41.000000000,8.760666666666669
2026-03-27 17:26:29.000000000,10.323333333333334
2026-03-27 17:16:31.000000000,28.019000000000005
2026-03-27 17:27:25.000000000,10.477666666666668
2026-03-27 17:19:09.000000000,8.857333333333333
2026-03-27 17:59:10.000000000,23.50233333333333
2026-03-27 18:47:56.000000000,67.24933333333334
2026-03-27 18:17:22.000000000,32.53733333333333
2026-03-27 18:09:46.000000000,19.263333333333332
2026-03-27 18:34:00.000000000,10.021999999999998
2026-03-27 18:30:19.000000000,5.629
2026-03-27 18:18:29.000000000,9.480666666666668
2026-03-27 18:29:44.000000000,9.002999999999997
2026-03-27 18:34:48.000000000,6.141000000000002
2026-03-27 18:08:49.000000000,19.339333333333336
2026-03-27 18:37:25.000000000,17.849333333333334
2026-03-27 18:08:54.000000000,16.166999999999998
2026-03-27 18:35:26.000000000,12.228
2026-03-27 18:05:20.000000000,40.39366666666667
2026-03-27 18:38:06.000000000,9.178333333333331
2026-03-27 18:53:27.000000000,24.320666666666668
2026-03-27 18:44:07.000000000,11.515000000000002
2026-03-27 18:42:23.000000000,19.759000000000004
2026-03-27 18:37:02.000000000,43.601333333333336
2026-03-27 18:56:55.000000000,14.800999999999998
2026-03-27 18:29:14.000000000,14.128999999999996
2026-03-27 18:54:26.000000000,10.976666666666663
2026-03-27 18:02:46.000000000,25.542000000000005
2026-03-27 18:05:46.000000000,10.341666666666667
2026-03-27 18:55:21.000000000,9.874666666666666
2026-03-27 18:50:46.000000000,29.17600000000001
2026-03-27 18:18:52.000000000,15.314666666666664
2026-03-27 18:25:02.000000000,23.74133333333333
2026-03-27 18:52:53.000000000,16.80566666666667
2026-03-27 18:41:05.000000000,10.005
2026-03-27 18:20:30.000000000,12.086666666666666
2026-03-27 18:10:27.000000000,26.87766666666666
2026-03-27 18:51:12.000000000,8.154666666666667
2026-03-27 18:58:46.000000000,12.878333333333332
2026-03-27 18:20:02.000000000,27.083666666666666
2026-03-27 18:11:52.000000000,43.044
2026-03-27 19:34:58.000000000,6.319000000000001
2026-03-27 19:22:20.000000000,38.73666666666667
2026-03-27 19:36:25.000000000,14.524666666666667
2026-03-27 19:18:18.000000000,17.685333333333336
2026-03-27 19:43:23.000000000,18.980666666666664
2026-03-27 19:14:31.000000000,11.878333333333334
2026-03-27 19:15:54.000000000,63.017999999999994
2026-03-27 19:16:20.000000000,8.812666666666665
2026-03-27 19:01:49.000000000,67.64400000000002
2026-03-27 19:35:19.000000000,10.814333333333332
2026-03-27 19:32:17.000000000,6.447333333333332
2026-03-27 19:28:41.000000000,12.571666666666664
2026-03-27 19:52:56.000000000,19.901333333333337
2026-03-27 19:03:51.000000000,6.199666666666667
2026-03-27 19:54:44.000000000,7.697000000000001
2026-03-27 19:08:27.000000000,13.006333333333334
2026-03-27 19:07:11.000000000,9.189333333333334
2026-03-27 19:03:39.000000000,7.925333333333331
2026-03-27 19:33:56.000000000,30.986
2026-03-27 19:49:55.000000000,8.144
2026-03-27 20:48:40.000000000,51.045
2026-03-27 20:27:21.000000000,16.26366666666667
2026-03-27 20:05:52.000000000,29.840999999999998
2026-03-27 20:11:16.000000000,19.642666666666667
2026-03-27 20:10:31.000000000,19.382666666666662
2026-03-27 20:23:36.000000000,38.41766666666667
2026-03-27 20:28:30.000000000,10.241999999999997
2026-03-27 20:44:09.000000000,39.90266666666666
2026-03-27 20:13:58.000000000,13.042666666666669
2026-03-27 20:46:24.000000000,52.66600000000001
2026-03-27 20:14:30.000000000,23.984666666666662
2026-03-27 20:15:44.000000000,15.991999999999997
2026-03-27 20:45:25.000000000,19.286
2026-03-27 20:47:01.000000000,17.65633333333334
2026-03-27 20:22:05.000000000,8.750666666666664
2026-03-27 20:23:13.000000000,14.299999999999999
2026-03-27 20:47:45.000000000,8.680666666666665
2026-03-27 20:57:31.000000000,19.850666666666662
2026-03-27 20:43:46.000000000,11.244666666666667
2026-03-27 20:17:39.000000000,8.507
2026-03-27 20:15:46.000000000,26.738999999999997
2026-03-27 20:47:39.000000000,20.284666666666666
2026-03-27 20:45:30.000000000,14.836666666666666
2026-03-27 20:10:05.000000000,20.574333333333332
2026-03-27 20:47:05.000000000,40.749333333333325
2026-03-27 21:26:05.000000000,10.967
2026-03-27 21:30:52.000000000,27.733
2026-03-27 21:31:42.000000000,13.298666666666668
2026-03-27 21:56:34.000000000,13.601666666666665
2026-03-27 21:49:33.000000000,41.26066666666667
2026-03-27 21:58:14.000000000,69.058
2026-03-27 21:35:58.000000000,23.86533333333334
2026-03-27 21:11:11.000000000,18.377666666666663
2026-03-27 21:37:17.000000000,23.256999999999998
2026-03-27 21:28:48.000000000,48.116333333333344
2026-03-27 21:14:35.000000000,25.066000000000006
2026-03-27 21:23:38.000000000,17.910333333333337
2026-03-27 21:17:53.000000000,10.712666666666667
2026-03-27 21:13:44.000000000,7.094333333333333
2026-03-27 21:27:54.000000000,57.43333333333331
2026-03-27 21:26:54.000000000,23.849333333333334
2026-03-27 21:34:10.000000000,12.712666666666665
2026-03-27 21:15:07.000000000,18.42833333333333
2026-03-27 21:48:50.000000000,153.95199999999994
2026-03-27 21:51:23.000000000,87.772
2026-03-27 21:57:48.000000000,13.951333333333332
2026-03-27 21:08:22.000000000,12.857333333333337
2026-03-27 21:12:24.000000000,13.287333333333333
2026-03-27 21:53:27.000000000,13.261333333333331
2026-03-27 21:10:55.000000000,25.653666666666666
2026-03-27 21:17:10.000000000,33.63566666666666
2026-03-27 21:57:35.000000000,24.625333333333334
2026-03-27 21:56:31.000000000,152.55833333333337
2026-03-27 22:54:59.000000000,11.599999999999998
2026-03-27 22:00:48.000000000,7.3916666666666675
2026-03-27 22:29:13.000000000,26.07
2026-03-27 22:27:09.000000000,9.472666666666665
2026-03-27 22:56:11.000000000,240.0949999999999
2026-03-27 22:03:44.000000000,14.51666666666667
2026-03-27 22:13:21.000000000,14.027999999999997
2026-03-27 22:34:36.000000000,20.935999999999996
2026-03-27 22:42:16.000000000,27.175999999999995
2026-03-27 22:15:43.000000000,27.264000000000003
2026-03-27 22:16:12.000000000,34.924
2026-03-27 22:51:57.000000000,26.17033333333334
2026-03-27 22:58:04.000000000,23.956999999999997
2026-03-27 22:29:24.000000000,16.82866666666667
2026-03-27 22:08:42.000000000,22.62166666666667
2026-03-27 22:38:51.000000000,39.959333333333326
2026-03-27 23:46:12.000000000,46.97333333333333
2026-03-27 23:01:57.000000000,31.329
2026-03-27 23:55:52.000000000,12.69233333333333
2026-03-27 23:52:31.000000000,22.29233333333334
2026-03-27 23:18:08.000000000,13.544666666666663
2026-03-27 23:42:57.000000000,10.000666666666664
2026-03-27 23:21:12.000000000,24.01833333333333
2026-03-27 23:16:31.000000000,13.853999999999997
2026-03-27 23:03:02.000000000,23.407666666666668
2026-03-27 23:18:25.000000000,9.976333333333333
2026-03-27 23:13:50.000000000,38.12633333333334
2026-03-27 23:54:47.000000000,17.461333333333336
2026-03-27 23:37:58.000000000,32.837
2026-03-27 23:21:49.000000000,9.294999999999998
2026-03-27 23:39:24.000000000,14.487
2026-03-27 23:05:28.000000000,26.447999999999997
2026-03-27 23:51:34.000000000,8.026
2026-03-27 23:01:00.000000000,30.511666666666663
2026-03-27 23:15:25.000000000,17.035666666666668
2026-03-27 23:16:53.000000000,9.187999999999999
2026-03-27 23:01:21.000000000,13.75233333333333
2026-03-27 23:46:18.000000000,23.654
2026-03-27 23:50:18.000000000,10.021999999999998
2026-03-27 23:29:17.000000000,27.587333333333333
2026-03-28 00:37:58.000000000,34.705333333333336
2026-03-28 00:03:19.000000000,17.781000000000002
2026-03-28 00:10:43.000000000,18.39666666666667
2026-03-28 00:57:25.000000000,15.106666666666671
2026-03-28 00:23:01.000000000,43.34566666666667
2026-03-28 00:55:39.000000000,18.464333333333336
2026-03-28 00:28:39.000000000,6.117999999999999
2026-03-28 00:16:31.000000000,40.277
2026-03-28 00:15:38.000000000,8.046666666666667
2026-03-28 00:36:14.000000000,14.244333333333334
2026-03-28 00:07:39.000000000,30.41166666666667
2026-03-28 00:37:44.000000000,17.23133333333333
2026-03-28 00:51:07.000000000,31.925000000000004
2026-03-28 01:38:35.000000000,12.90133333333333
2026-03-28 01:55:54.000000000,16.056000000000004
2026-03-28 01:47:07.000000000,17.679000000000006
2026-03-28 01:15:04.000000000,9.007666666666667
2026-03-28 01:30:21.000000000,17.909333333333336
2026-03-28 01:29:52.000000000,15.096333333333332
2026-03-28 01:59:11.000000000,11.880333333333333
2026-03-28 02:04:19.000000000,19.422
2026-03-28 02:06:28.000000000,11.761000000000005
2026-03-28 02:11:07.000000000,13.372666666666667
2026-03-28 02:12:16.000000000,19.306666666666672
2026-03-28 02:27:50.000000000,21.618666666666666
2026-03-28 02:05:40.000000000,25.848000000000003
2026-03-28 02:01:24.000000000,8.692333333333332
2026-03-28 03:48:18.000000000,15.519333333333334
2026-03-28 03:30:27.000000000,9.254999999999999
2026-03-28 03:53:48.000000000,24.472666666666676
2026-03-28 03:25:59.000000000,17.186999999999998
2026-03-28 03:08:52.000000000,21.16166666666667
2026-03-28 03:03:22.000000000,21.879
2026-03-28 03:13:40.000000000,14.197333333333335
2026-03-28 03:12:03.000000000,59.396
2026-03-28 03:56:52.000000000,20.025333333333336
2026-03-28 03:57:03.000000000,14.286666666666667
2026-03-28 03:06:10.000000000,29.351333333333326
2026-03-28 04:14:27.000000000,77.50766666666665
2026-03-28 04:30:48.000000000,7.892333333333331
2026-03-28 04:25:30.000000000,14.451666666666663
2026-03-28 04:01:00.000000000,100.76199999999999
2026-03-28 04:52:56.000000000,9.394000000000002
2026-03-28 05:48:41.000000000,8.423666666666666
2026-03-28 06:20:16.000000000,68.03999999999999
2026-03-28 06:26:15.000000000,25.33499999999999
2026-03-28 06:53:07.000000000,11.161000000000003
2026-03-28 06:34:13.000000000,55.65866666666666
2026-03-28 06:32:11.000000000,28.576
2026-03-28 07:43:44.000000000,8.651666666666667
2026-03-28 07:34:50.000000000,16.97133333333333
2026-03-28 07:55:34.000000000,14.986333333333334
2026-03-28 07:50:42.000000000,20.492333333333328
2026-03-28 07:25:29.000000000,15.511333333333337
2026-03-28 07:50:52.000000000,36.84100000000001
2026-03-28 07:01:24.000000000,15.435666666666663
2026-03-28 07:55:57.000000000,76.92866666666666
2026-03-28 07:52:20.000000000,68.021
2026-03-28 07:53:16.000000000,7.633666666666665
2026-03-28 07:38:27.000000000,57.595000000000006
2026-03-28 07:12:46.000000000,28.096333333333337
2026-03-28 07:44:14.000000000,36.06966666666666
2026-03-28 07:29:33.000000000,61.64533333333335
2026-03-28 08:53:57.000000000,14.468
2026-03-28 08:51:02.000000000,13.582000000000003
2026-03-28 08:02:09.000000000,15.007333333333337
2026-03-28 08:30:22.000000000,21.321
2026-03-28 08:35:02.000000000,6.337
2026-03-28 08:32:36.000000000,17.830333333333332
2026-03-28 08:42:28.000000000,16.854666666666663
2026-03-28 08:50:29.000000000,34.44066666666666
2026-03-28 08:50:49.000000000,11.245
2026-03-28 09:40:06.000000000,128.30333333333334
2026-03-28 09:40:03.000000000,7.094666666666669
2026-03-28 09:30:27.000000000,25.206999999999997
2026-03-28 09:03:48.000000000,15.640000000000004
2026-03-28 09:02:43.000000000,31.83633333333332
2026-03-28 09:33:14.000000000,41.977
2026-03-28 09:35:13.000000000,13.044333333333332
2026-03-28 09:43:34.000000000,13.410666666666668
2026-03-28 09:37:13.000000000,20.841666666666658
2026-03-28 09:57:50.000000000,34.755333333333326
2026-03-28 09:19:23.000000000,12.51166666666666
2026-03-28 09:26:09.000000000,12.214999999999998
2026-03-28 09:50:28.000000000,11.49
2026-03-28 09:30:23.000000000,6.848333333333331
2026-03-28 10:40:51.000000000,9.294333333333336
2026-03-28 10:00:07.000000000,15.394999999999992
2026-03-28 10:03:56.000000000,59.857000000000006
2026-03-28 10:19:25.000000000,7.4959999999999996
2026-03-28 10:41:50.000000000,18.69066666666667
2026-03-28 10:05:27.000000000,7.981
2026-03-28 10:01:46.000000000,12.033
2026-03-28 10:54:50.000000000,9.624666666666668
2026-03-28 10:35:15.000000000,12.438333333333334
2026-03-28 10:32:16.000000000,22.067999999999994
2026-03-28 10:48:19.000000000,8.064666666666666
2026-03-28 11:14:51.000000000,15.363666666666665
2026-03-28 11:08:41.000000000,15.975333333333332
2026-03-28 11:10:20.000000000,118.14300000000001
2026-03-28 11:57:42.000000000,13.385000000000003
2026-03-28 11:59:47.000000000,30.617666666666665
2026-03-28 11:51:42.000000000,16.11466666666667
2026-03-28 11:49:34.000000000,20.029999999999998
2026-03-28 11:27:53.000000000,44.218666666666664
2026-03-28 11:41:56.000000000,33.39666666666667
2026-03-28 11:07:32.000000000,39.89966666666666
2026-03-28 11:25:29.000000000,9.580666666666666
2026-03-28 11:24:25.000000000,17.283
2026-03-28 11:54:09.000000000,11.63833333333333
2026-03-28 12:41:21.000000000,25.82033333333333
2026-03-28 12:30:03.000000000,36.327999999999996
2026-03-28 12:32:22.000000000,24.56066666666667
2026-03-28 12:28:14.000000000,65.53133333333334
2026-03-28 12:18:04.000000000,17.60533333333333
2026-03-28 12:17:37.000000000,16.246000000000002
2026-03-28 12:58:44.000000000,9.929
2026-03-28 12:47:36.000000000,11.697999999999999
2026-03-28 12:26:39.000000000,17.462333333333337
2026-03-28 12:53:53.000000000,12.321666666666665
2026-03-28 12:46:42.000000000,50.416000000000004
2026-03-28 12:33:49.000000000,26.61833333333334
2026-03-28 13:52:11.000000000,10.592666666666668
2026-03-28 13:14:13.000000000,25.105333333333345
2026-03-28 13:28:41.000000000,20.354333333333333
2026-03-28 13:46:08.000000000,7.332666666666665
2026-03-28 13:46:49.000000000,71.57300000000001
2026-03-28 13:22:55.000000000,35.991
2026-03-28 13:53:41.000000000,36.907666666666664
2026-03-28 13:08:45.000000000,106.94666666666667
2026-03-28 13:18:00.000000000,41.663666666666664
2026-03-28 13:00:39.000000000,13.142333333333333
2026-03-28 13:17:39.000000000,44.23833333333333
2026-03-28 13:35:03.000000000,12.421000000000001
2026-03-28 13:55:56.000000000,30.89866666666666
2026-03-28 13:20:44.000000000,7.929000000000001
2026-03-28 13:35:35.000000000,33.42266666666667
2026-03-28 14:25:17.000000000,44.46966666666667
2026-03-28 14:00:07.000000000,21.660999999999998
2026-03-28 14:33:05.000000000,19.604000000000003
2026-03-28 14:10:27.000000000,18.021000000000004
2026-03-28 14:13:13.000000000,72.02566666666667
2026-03-28 14:14:12.000000000,49.88866666666666
2026-03-28 14:43:24.000000000,8.393000000000002
2026-03-28 14:54:01.000000000,62.53099999999999
2026-03-28 14:09:32.000000000,12.676666666666664
2026-03-28 14:21:21.000000000,32.041000000000004
2026-03-28 14:21:26.000000000,16.541999999999998
2026-03-28 14:52:46.000000000,10.515333333333333
2026-03-28 14:29:38.000000000,30.60599999999999
2026-03-28 14:48:07.000000000,57.17999999999999
2026-03-28 14:28:20.000000000,7.930333333333334
2026-03-28 14:03:49.000000000,6.501
2026-03-28 14:49:01.000000000,20.911333333333328
2026-03-28 14:52:38.000000000,10.604999999999997
2026-03-28 14:15:58.000000000,23.843333333333327
2026-03-28 14:06:06.000000000,29.082666666666668
2026-03-28 14:21:34.000000000,16.822333333333333
2026-03-28 14:39:21.000000000,35.923666666666655
2026-03-28 14:33:08.000000000,21.48399999999999
2026-03-28 14:45:19.000000000,19.789999999999996
2026-03-28 15:34:06.000000000,24.300666666666682
2026-03-28 15:06:56.000000000,13.544333333333334
2026-03-28 15:23:11.000000000,24.62399999999999
2026-03-28 15:05:51.000000000,13.473333333333334
2026-03-28 15:00:06.000000000,50.57266666666667
2026-03-28 15:25:44.000000000,12.748999999999997
2026-03-28 15:22:17.000000000,12.673
2026-03-28 15:13:30.000000000,34.33566666666668
2026-03-28 15:35:12.000000000,32.236333333333334
2026-03-28 15:49:53.000000000,15.084000000000001
2026-03-28 15:52:40.000000000,15.484666666666667
2026-03-28 15:15:40.000000000,33.18233333333333
2026-03-28 15:09:06.000000000,27.477333333333338
2026-03-28 15:28:14.000000000,30.46833333333334
2026-03-28 15:45:07.000000000,15.220666666666668
2026-03-28 15:57:45.000000000,16.303
2026-03-28 15:49:36.000000000,25.247666666666667
2026-03-28 15:27:52.000000000,18.461000000000002
2026-03-28 15:50:35.000000000,60.198
2026-03-28 15:08:22.000000000,9.439333333333332
2026-03-28 15:06:40.000000000,9.272666666666668
2026-03-28 16:24:42.000000000,16.30633333333334
2026-03-28 16:23:20.000000000,16.784333333333333
2026-03-28 16:25:06.000000000,32.13633333333333
2026-03-28 16:36:26.000000000,7.963999999999999
2026-03-28 16:44:25.000000000,42.37866666666666
2026-03-28 16:12:30.000000000,16.431
2026-03-28 16:41:48.000000000,12.159000000000002
2026-03-28 16:58:53.000000000,5.008999999999999
2026-03-28 16:58:25.000000000,7.656333333333334
2026-03-28 16:17:11.000000000,9.115666666666668
2026-03-28 16:35:13.000000000,35.65233333333333
2026-03-28 16:45:10.000000000,13.443666666666667
2026-03-28 16:09:12.000000000,12.787333333333333
2026-03-28 16:01:37.000000000,102.01266666666668
2026-03-28 16:50:21.000000000,12.517666666666667
2026-03-28 16:48:05.000000000,7.701999999999999
2026-03-28 16:32:00.000000000,18.188666666666666
2026-03-28 16:48:19.000000000,11.716333333333331
2026-03-28 16:07:13.000000000,27.950666666666663
2026-03-28 16:27:03.000000000,15.541333333333332
2026-03-28 17:32:47.000000000,27.934000000000005
2026-03-28 17:59:09.000000000,19.439666666666664
2026-03-28 17:46:14.000000000,18.789666666666665
2026-03-28 17:06:08.000000000,10.145666666666665
2026-03-28 17:44:15.000000000,38.455999999999996
2026-03-28 17:42:42.000000000,27.830999999999996
2026-03-28 17:11:05.000000000,20.616
2026-03-28 17:19:15.000000000,14.128333333333337
2026-03-28 17:00:57.000000000,11.002666666666666
2026-03-28 17:15:18.000000000,9.951
2026-03-28 17:43:20.000000000,15.583666666666668
2026-03-28 17:48:46.000000000,24.392333333333333
2026-03-28 17:44:16.000000000,12.671333333333333
2026-03-28 17:02:58.000000000,16.086666666666666
2026-03-28 17:46:40.000000000,17.516333333333332
2026-03-28 17:46:17.000000000,29.593666666666664
2026-03-28 17:52:42.000000000,10.918666666666667
2026-03-28 17:13:09.000000000,13.499000000000002
2026-03-28 17:46:48.000000000,17.668333333333337
2026-03-28 17:35:22.000000000,27.720999999999997
2026-03-28 17:50:57.000000000,22.606
2026-03-28 17:22:41.000000000,11.379666666666667
2026-03-28 17:04:31.000000000,141.79066666666662
2026-03-28 18:21:01.000000000,18.865
2026-03-28 18:00:51.000000000,6.233333333333334
2026-03-28 18:58:22.000000000,54.161666666666655
2026-03-28 18:24:57.000000000,10.285333333333334
2026-03-28 18:33:24.000000000,30.14733333333333
2026-03-28 18:48:51.000000000,40.128333333333345
2026-03-28 18:17:55.000000000,17.764999999999997
2026-03-28 18:32:09.000000000,77.43800000000002
2026-03-28 18:40:30.000000000,12.869333333333335
2026-03-28 18:49:46.000000000,32.95933333333333
2026-03-28 18:45:51.000000000,49.18266666666668
2026-03-28 18:25:28.000000000,19.36933333333333
2026-03-28 18:07:35.000000000,15.211666666666666
2026-03-28 18:41:04.000000000,10.446333333333333
2026-03-28 18:24:44.000000000,16.582333333333338
2026-03-28 18:40:39.000000000,7.228999999999999
2026-03-28 18:02:33.000000000,167.55733333333328
2026-03-28 18:32:33.000000000,11.679333333333338
2026-03-28 18:22:11.000000000,26.928333333333335
2026-03-28 19:36:03.000000000,67.79833333333333
2026-03-28 19:59:01.000000000,9.290333333333335
2026-03-28 19:48:42.000000000,12.885999999999997
2026-03-28 19:41:57.000000000,13.261999999999999
2026-03-28 19:41:43.000000000,11.588999999999997
2026-03-28 19:34:56.000000000,9.347000000000001
2026-03-28 19:43:41.000000000,23.899999999999995
2026-03-28 19:03:50.000000000,17.74433333333333
2026-03-28 19:20:25.000000000,11.612999999999998
2026-03-28 19:43:31.000000000,10.604999999999995
2026-03-28 19:39:26.000000000,10.811
2026-03-28 19:55:44.000000000,21.74266666666666
2026-03-28 19:40:02.000000000,30.888999999999996
2026-03-28 19:08:15.000000000,32.47
2026-03-28 19:00:33.000000000,40.076
2026-03-28 19:18:19.000000000,15.327333333333335
2026-03-28 19:44:10.000000000,6.153333333333334
2026-03-28 20:51:16.000000000,21.559666666666665
2026-03-28 20:06:42.000000000,19.431666666666665
2026-03-28 20:41:13.000000000,35.574999999999996
2026-03-28 20:59:11.000000000,26.406000000000002
2026-03-28 20:55:34.000000000,15.972666666666665
2026-03-28 20:01:18.000000000,13.834333333333335
2026-03-28 20:29:38.000000000,24.606000000000005
2026-03-28 20:50:33.000000000,39.86900000000001
2026-03-28 20:13:23.000000000,48.83
2026-03-28 20:47:54.000000000,24.299999999999997
2026-03-28 20:20:55.000000000,8.91733333333333
2026-03-28 20:17:11.000000000,9.514
2026-03-28 20:55:35.000000000,17.71666666666666
2026-03-28 20:09:21.000000000,31.553000000000004
2026-03-28 20:19:17.000000000,23.24566666666667
2026-03-28 20:23:23.000000000,11.583333333333332
2026-03-28 20:05:54.000000000,17.610666666666663
2026-03-28 21:43:43.000000000,17.302666666666667
2026-03-28 21:08:21.000000000,21.827
2026-03-28 21:02:00.000000000,18.111333333333334
2026-03-28 21:58:32.000000000,10.808666666666669
2026-03-28 21:46:47.000000000,20.327000000000005
2026-03-28 21:04:14.000000000,25.236666666666665
2026-03-28 21:15:17.000000000,38.02599999999998
2026-03-28 21:02:30.000000000,39.173
2026-03-28 21:28:04.000000000,9.036333333333333
2026-03-28 21:53:57.000000000,39.80100000000001
2026-03-28 21:56:24.000000000,25.558333333333326
2026-03-28 21:39:32.000000000,47.23566666666667
2026-03-28 21:20:51.000000000,9.256
2026-03-28 21:36:14.000000000,33.299
2026-03-28 21:54:54.000000000,31.894333333333332
2026-03-28 21:14:12.000000000,9.882
2026-03-28 21:14:48.000000000,16.416333333333334
2026-03-28 21:03:06.000000000,11.547666666666665
2026-03-28 21:04:51.000000000,45.09699999999999
2026-03-28 21:13:10.000000000,13.371666666666664
2026-03-28 21:13:59.000000000,12.548000000000002
2026-03-28 21:06:09.000000000,16.299666666666667
2026-03-28 21:37:05.000000000,89.24066666666666
2026-03-28 21:41:47.000000000,14.626333333333333
2026-03-28 22:45:38.000000000,20.074
2026-03-28 22:39:18.000000000,17.628
2026-03-28 22:17:35.000000000,19.002999999999997
2026-03-28 22:57:38.000000000,32.46999999999999
2026-03-28 22:12:10.000000000,13.673333333333334
2026-03-28 22:57:10.000000000,14.25233333333333
2026-03-28 22:13:50.000000000,29.912333333333336
2026-03-28 22:04:31.000000000,42.80733333333333
2026-03-28 22:01:12.000000000,18.224333333333337
2026-03-28 22:34:36.000000000,48.013
2026-03-28 22:14:15.000000000,19.965999999999998
2026-03-28 22:29:07.000000000,10.465666666666666
2026-03-28 22:34:36.000000000,72.53533333333334
2026-03-28 22:19:14.000000000,23.62666666666666
2026-03-28 22:20:40.000000000,33.31666666666667
2026-03-28 22:39:09.000000000,17.408
2026-03-28 22:02:03.000000000,16.009333333333334
2026-03-28 22:12:36.000000000,9.015333333333334
2026-03-28 22:58:18.000000000,25.95066666666667
2026-03-28 22:38:22.000000000,37.134666666666675
2026-03-28 22:38:41.000000000,13.354999999999997
2026-03-28 22:43:55.000000000,20.44566666666666
2026-03-28 22:25:14.000000000,15.854333333333336
2026-03-28 22:49:20.000000000,11.625999999999998
2026-03-28 22:40:44.000000000,11.662
2026-03-28 22:43:58.000000000,13.107000000000001
2026-03-28 23:51:29.000000000,11.480666666666668
2026-03-28 23:41:57.000000000,24.26566666666666
2026-03-28 23:28:40.000000000,21.179333333333332
2026-03-28 23:58:06.000000000,62.656666666666666
2026-03-28 23:22:05.000000000,17.891
2026-03-28 23:35:19.000000000,16.11166666666667
2026-03-28 23:05:38.000000000,7.945999999999999
2026-03-28 23:09:09.000000000,39.35566666666667
2026-03-28 23:09:34.000000000,39.91333333333333
2026-03-28 23:09:28.000000000,32.087999999999994
2026-03-28 23:13:59.000000000,20.948999999999998
2026-03-28 23:07:38.000000000,5.606666666666666
2026-03-28 23:53:35.000000000,21.180666666666664
2026-03-28 23:25:59.000000000,48.51033333333333
2026-03-28 23:01:18.000000000,34.599000000000004
2026-03-28 23:40:00.000000000,31.823666666666657
2026-03-28 23:40:45.000000000,47.739000000000004
2026-03-28 23:35:23.000000000,14.684666666666667
2026-03-28 23:00:32.000000000,54.581333333333326
2026-03-28 23:31:44.000000000,9.115000000000002
2026-03-28 23:55:51.000000000,7.024000000000001
2026-03-28 23:39:48.000000000,14.155666666666669
2026-03-28 23:04:59.000000000,6.036999999999998
2026-03-28 23:00:40.000000000,18.711999999999996
2026-03-29 00:22:06.000000000,19.785000000000007
2026-03-29 00:12:46.000000000,28.49933333333333
2026-03-29 00:27:36.000000000,14.293
2026-03-29 00:39:08.000000000,8.095999999999998
2026-03-29 00:11:02.000000000,7.676666666666666
2026-03-29 00:29:40.000000000,29.713000000000005
2026-03-29 00:26:23.000000000,30.243333333333332
2026-03-29 00:52:23.000000000,13.576666666666663
2026-03-29 00:08:41.000000000,18.75
2026-03-29 00:09:30.000000000,25.039
2026-03-29 00:02:43.000000000,8.088333333333333
2026-03-29 00:00:58.000000000,35.20366666666667
2026-03-29 00:45:27.000000000,26.460999999999995
2026-03-29 00:03:17.000000000,9.819333333333335
2026-03-29 00:22:06.000000000,11.159333333333333
2026-03-29 00:37:15.000000000,12.821666666666665
2026-03-29 00:17:07.000000000,102.67966666666665
2026-03-29 00:58:59.000000000,14.377333333333334
2026-03-29 00:19:45.000000000,13.904666666666666
2026-03-29 00:11:02.000000000,36.074000000000005
2026-03-29 00:37:38.000000000,49.03666666666667
2026-03-29 00:34:27.000000000,20.943
2026-03-29 00:44:23.000000000,40.842333333333336
2026-03-29 00:39:52.000000000,49.48666666666667
2026-03-29 01:19:21.000000000,10.866000000000003
2026-03-29 01:05:12.000000000,25.728666666666665
2026-03-29 01:57:32.000000000,5.998999999999999
2026-03-29 01:03:36.000000000,25.973666666666663
2026-03-29 01:04:46.000000000,166.3803333333333
2026-03-29 01:20:42.000000000,11.592999999999996
2026-03-29 01:34:53.000000000,47.529333333333334
2026-03-29 01:05:02.000000000,6.748999999999999
2026-03-29 01:31:50.000000000,25.301333333333336
2026-03-29 01:57:05.000000000,16.66166666666667
2026-03-29 01:29:47.000000000,11.066
2026-03-29 01:37:27.000000000,12.339000000000002
2026-03-29 01:11:59.000000000,24.484666666666666
2026-03-29 01:52:10.000000000,15.195333333333334
2026-03-29 01:11:50.000000000,6.980666666666666
2026-03-29 02:39:20.000000000,27.069
2026-03-29 02:49:01.000000000,16.89166666666667
2026-03-29 02:14:14.000000000,18.674333333333333
2026-03-29 02:00:28.000000000,33.38433333333332
2026-03-29 02:13:19.000000000,20.436333333333334
2026-03-29 02:22:41.000000000,13.044999999999998
2026-03-29 02:53:35.000000000,16.566333333333333
2026-03-29 02:53:36.000000000,29.67266666666666
2026-03-29 02:25:22.000000000,44.99133333333332
2026-03-29 02:25:33.000000000,17.459333333333333
2026-03-29 03:08:30.000000000,45.70566666666665
2026-03-29 03:19:27.000000000,9.783666666666667
2026-03-29 03:59:31.000000000,28.10266666666666
2026-03-29 03:05:25.000000000,7.918
2026-03-29 03:16:32.000000000,31.387000000000004
2026-03-29 03:42:26.000000000,31.390333333333334
2026-03-29 03:41:05.000000000,10.428333333333336
2026-03-29 03:01:13.000000000,11.068000000000005
2026-03-29 03:54:02.000000000,99.63933333333334
2026-03-29 04:14:37.000000000,20.227999999999998
2026-03-29 04:31:45.000000000,34.587999999999994
2026-03-29 04:31:22.000000000,28.427666666666674
2026-03-29 04:25:32.000000000,13.480999999999998
2026-03-29 04:20:47.000000000,20.419333333333334
2026-03-29 04:33:08.000000000,20.671
2026-03-29 04:48:50.000000000,15.976333333333335
2026-03-29 04:08:36.000000000,21.65333333333334
2026-03-29 04:07:14.000000000,49.356333333333346
2026-03-29 04:35:45.000000000,45.87666666666667
2026-03-29 04:58:24.000000000,23.390333333333334
2026-03-29 04:31:48.000000000,15.198999999999995
2026-03-29 04:16:56.000000000,17.376
2026-03-29 04:40:14.000000000,35.29433333333334
2026-03-29 05:29:19.000000000,7.469999999999997
2026-03-29 05:03:16.000000000,128.68266666666668
2026-03-29 05:58:30.000000000,36.69966666666666
2026-03-29 05:20:26.000000000,27.007000000000005
2026-03-29 06:20:51.000000000,28.62033333333334
2026-03-29 06:51:54.000000000,53.34400000000001
2026-03-29 06:31:22.000000000,15.764333333333335
2026-03-29 06:56:02.000000000,20.44766666666666
2026-03-29 06:27:33.000000000,11.863666666666665
2026-03-29 06:34:20.000000000,17.45533333333333
2026-03-29 06:03:08.000000000,37.764
2026-03-29 07:27:32.000000000,20.810000000000002
2026-03-29 07:04:31.000000000,39.676000000000016
2026-03-29 07:25:41.000000000,15.283
2026-03-29 07:10:24.000000000,10.738999999999999
2026-03-29 07:57:39.000000000,34.26666666666667
2026-03-29 08:45:21.000000000,30.81933333333333
2026-03-29 08:01:05.000000000,37.74100000000001
2026-03-29 08:37:21.000000000,15.190333333333333
2026-03-29 08:23:17.000000000,9.987333333333334
2026-03-29 08:42:58.000000000,13.958999999999998
2026-03-29 08:45:23.000000000,21.915666666666663
2026-03-29 08:04:50.000000000,22.10933333333332
2026-03-29 08:39:10.000000000,217.26766666666666
2026-03-29 09:56:42.000000000,11.161999999999999
2026-03-29 09:52:18.000000000,16.138333333333335
2026-03-29 09:48:23.000000000,24.570333333333345
2026-03-29 09:40:18.000000000,12.237333333333332
2026-03-29 09:44:22.000000000,6.591666666666668
2026-03-29 09:01:52.000000000,5.780333333333334
2026-03-29 09:58:25.000000000,14.286000000000001
2026-03-29 09:49:16.000000000,10.569999999999997
2026-03-29 09:53:34.000000000,21.713
2026-03-29 09:24:01.000000000,7.1979999999999995
2026-03-29 10:07:55.000000000,9.978
2026-03-29 10:08:19.000000000,23.124000000000002
2026-03-29 10:55:01.000000000,103.125
2026-03-29 10:49:37.000000000,7.819000000000002
2026-03-29 10:47:42.000000000,31.793
2026-03-29 10:25:52.000000000,11.520000000000001
2026-03-29 10:53:47.000000000,21.712333333333337
2026-03-29 10:56:05.000000000,9.575999999999999
2026-03-29 10:21:57.000000000,10.056666666666667
2026-03-29 10:10:15.000000000,9.280666666666667
2026-03-29 10:32:54.000000000,15.07
2026-03-29 10:49:44.000000000,11.61633333333333
2026-03-29 10:25:54.000000000,13.223333333333333
2026-03-29 10:50:19.000000000,21.036333333333335
2026-03-29 10:16:18.000000000,26.594666666666665
2026-03-29 10:43:15.000000000,8.752
2026-03-29 11:38:40.000000000,27.058333333333337
2026-03-29 11:02:59.000000000,28.276333333333337
2026-03-29 11:05:24.000000000,15.405333333333333
2026-03-29 11:28:49.000000000,23.795
2026-03-29 11:10:29.000000000,25.818333333333335
2026-03-29 11:59:05.000000000,16.208000000000006
2026-03-29 11:58:21.000000000,31.055
2026-03-29 11:15:14.000000000,23.772
2026-03-29 11:57:21.000000000,17.65333333333334
2026-03-29 11:14:39.000000000,30.70733333333333
2026-03-29 11:37:23.000000000,44.93733333333334
2026-03-29 11:17:48.000000000,13.834000000000001
2026-03-29 11:47:39.000000000,60.233999999999995
2026-03-29 11:20:04.000000000,8.104666666666667
2026-03-29 12:49:15.000000000,28.24633333333334
2026-03-29 12:27:54.000000000,12.098666666666666
2026-03-29 12:43:31.000000000,13.94
2026-03-29 12:23:08.000000000,11.636333333333335
2026-03-29 12:37:39.000000000,32.45333333333333
2026-03-29 12:31:54.000000000,26.262333333333334
2026-03-29 12:01:39.000000000,59.18033333333333
2026-03-29 12:33:17.000000000,32.56100000000001
2026-03-29 12:27:51.000000000,81.14166666666667
2026-03-29 12:25:29.000000000,17.784333333333336
2026-03-29 12:23:53.000000000,10.731333333333334
2026-03-29 12:35:20.000000000,8.979000000000001
2026-03-29 12:42:05.000000000,5.964333333333334
2026-03-29 12:18:50.000000000,11.98
2026-03-29 13:04:23.000000000,31.218333333333337
2026-03-29 13:46:28.000000000,12.957666666666665
2026-03-29 13:40:26.000000000,7.9106666666666685
2026-03-29 13:10:58.000000000,11.336666666666666
2026-03-29 13:04:04.000000000,71.05266666666667
2026-03-29 13:59:44.000000000,15.341
2026-03-29 13:03:27.000000000,11.755666666666666
2026-03-29 13:52:17.000000000,29.388999999999996
2026-03-29 13:31:23.000000000,11.049666666666672
2026-03-29 13:39:04.000000000,10.58
2026-03-29 13:36:21.000000000,11.561000000000002
2026-03-29 13:44:10.000000000,26.707999999999995
2026-03-29 13:29:00.000000000,7.790333333333334
2026-03-29 13:49:55.000000000,24.527999999999995
2026-03-29 13:55:43.000000000,36.039
2026-03-29 13:00:30.000000000,29.998
2026-03-29 14:03:39.000000000,39.363666666666646
2026-03-29 14:02:22.000000000,59.75300000000002
2026-03-29 14:35:04.000000000,20.77766666666667
2026-03-29 14:08:44.000000000,11.497666666666667
2026-03-29 14:54:56.000000000,14.150333333333338
2026-03-29 14:48:43.000000000,38.35733333333332
2026-03-29 14:41:54.000000000,7.597666666666666
2026-03-29 14:30:33.000000000,8.215333333333332
2026-03-29 14:45:55.000000000,16.004
2026-03-29 14:57:32.000000000,19.358333333333334
2026-03-29 14:19:01.000000000,111.53600000000002
2026-03-29 14:33:56.000000000,81.79766666666666
2026-03-29 14:35:20.000000000,41.294000000000004
2026-03-29 14:33:49.000000000,44.462
2026-03-29 14:52:16.000000000,19.691999999999997
2026-03-29 15:48:40.000000000,14.113999999999999
2026-03-29 15:00:13.000000000,18.276999999999997
2026-03-29 15:00:12.000000000,8.222666666666665
2026-03-29 15:36:00.000000000,24.14766666666667
2026-03-29 15:25:59.000000000,10.71733333333333
2026-03-29 15:16:10.000000000,18.480999999999998
2026-03-29 15:11:41.000000000,7.978999999999998
2026-03-29 15:52:06.000000000,11.199333333333335
2026-03-29 15:46:16.000000000,27.91033333333333
2026-03-29 15:24:23.000000000,8.54533333333333
2026-03-29 15:24:16.000000000,27.374000000000002
2026-03-29 15:29:27.000000000,66.792
2026-03-29 15:37:38.000000000,16.84
2026-03-29 15:57:22.000000000,21.530333333333335
2026-03-29 16:15:56.000000000,21.666999999999994
2026-03-29 16:05:38.000000000,8.402666666666667
2026-03-29 16:52:42.000000000,36.260666666666665
2026-03-29 16:37:41.000000000,6.269333333333334
2026-03-29 16:26:17.000000000,20.61200000000001
2026-03-29 16:28:51.000000000,21.134333333333334
2026-03-29 16:05:18.000000000,10.537666666666667
2026-03-29 16:44:29.000000000,60.04666666666666
2026-03-29 16:53:17.000000000,49.285
2026-03-29 16:43:24.000000000,8.729999999999999
2026-03-29 16:36:10.000000000,26.98966666666667
2026-03-29 17:13:40.000000000,38.558
2026-03-29 17:29:57.000000000,13.79
2026-03-29 17:23:21.000000000,31.037666666666667
2026-03-29 17:43:00.000000000,14.402000000000003
2026-03-29 17:08:54.000000000,9.660333333333334
2026-03-29 17:15:17.000000000,27.118
2026-03-29 17:14:32.000000000,60.43700000000002
2026-03-29 17:09:27.000000000,10.233666666666666
2026-03-29 17:47:10.000000000,32.413666666666664
2026-03-29 17:35:55.000000000,15.521666666666668
2026-03-29 17:10:03.000000000,24.275
2026-03-29 17:30:40.000000000,42.82266666666668
2026-03-29 17:54:35.000000000,40.535000000000004
2026-03-29 17:51:23.000000000,15.545333333333332
2026-03-29 17:46:05.000000000,11.353999999999997
2026-03-29 17:30:05.000000000,50.83633333333333
2026-03-29 17:46:00.000000000,15.401666666666667
2026-03-29 17:47:29.000000000,17.432333333333336
2026-03-29 17:52:08.000000000,11.074666666666667
2026-03-29 17:17:44.000000000,13.677999999999997
2026-03-29 18:36:57.000000000,24.03033333333333
2026-03-29 18:26:52.000000000,42.67400000000001
2026-03-29 18:44:22.000000000,16.664333333333335
2026-03-29 18:40:51.000000000,21.835666666666672
2026-03-29 18:36:29.000000000,9.992333333333335
2026-03-29 18:10:33.000000000,28.00733333333333
2026-03-29 18:54:45.000000000,17.757
2026-03-29 18:10:13.000000000,65.75633333333332
2026-03-29 18:02:16.000000000,13.009666666666668
2026-03-29 18:55:32.000000000,18.648999999999994
2026-03-29 18:34:11.000000000,12.355999999999998
2026-03-29 18:43:56.000000000,19.322999999999997
2026-03-29 18:01:50.000000000,28.009999999999994
2026-03-29 18:13:22.000000000,10.492333333333335
2026-03-29 18:54:49.000000000,5.837999999999999
2026-03-29 18:59:31.000000000,19.461000000000006
2026-03-29 18:12:48.000000000,35.71366666666666
2026-03-29 18:48:33.000000000,33.233333333333334
2026-03-29 18:59:23.000000000,19.365000000000006
2026-03-29 19:54:07.000000000,16.752666666666666
2026-03-29 19:18:11.000000000,31.70133333333333
2026-03-29 19:11:37.000000000,8.648333333333333
2026-03-29 19:30:30.000000000,39.43866666666667
2026-03-29 19:30:45.000000000,16.97533333333333
2026-03-29 19:29:02.000000000,7.891333333333334
2026-03-29 19:19:05.000000000,11.219333333333331
2026-03-29 19:25:17.000000000,25.384999999999998
2026-03-29 19:37:37.000000000,25.14999999999999
2026-03-29 19:35:58.000000000,25.907333333333337
2026-03-29 19:10:41.000000000,29.40633333333333
2026-03-29 19:17:49.000000000,48.884000000000015
2026-03-29 19:53:15.000000000,8.629333333333335
2026-03-29 19:34:39.000000000,7.917666666666666
2026-03-29 19:42:21.000000000,16.204333333333338
2026-03-29 19:42:31.000000000,22.574333333333335
2026-03-29 19:18:04.000000000,16.746666666666666
2026-03-29 19:18:46.000000000,32.29633333333334
2026-03-29 19:41:16.000000000,6.412666666666667
2026-03-29 20:46:54.000000000,23.37833333333333
2026-03-29 20:26:18.000000000,11.724333333333329
2026-03-29 20:11:23.000000000,9.622000000000003
2026-03-29 20:56:02.000000000,44.57600000000001
2026-03-29 20:24:54.000000000,24.935666666666666
2026-03-29 20:21:16.000000000,19.920333333333335
2026-03-29 20:04:08.000000000,20.128666666666664
2026-03-29 20:26:03.000000000,9.795
2026-03-29 20:47:00.000000000,30.04766666666667
2026-03-29 20:03:20.000000000,15.254999999999999
2026-03-29 20:21:54.000000000,14.299666666666665
2026-03-29 20:37:38.000000000,17.31766666666666
2026-03-29 20:01:53.000000000,25.858333333333334
2026-03-29 21:43:46.000000000,12.592666666666666
2026-03-29 21:23:23.000000000,14.120666666666668
2026-03-29 21:02:11.000000000,28.753666666666668
2026-03-29 21:22:08.000000000,58.61266666666668
2026-03-29 21:32:58.000000000,30.81066666666667
2026-03-29 21:34:42.000000000,14.228333333333335
2026-03-29 21:34:29.000000000,27.776333333333337
2026-03-29 21:41:15.000000000,52.224
2026-03-29 21:28:47.000000000,25.762666666666664
2026-03-29 21:13:28.000000000,46.259
2026-03-29 21:14:42.000000000,10.054333333333334
2026-03-29 21:42:48.000000000,10.482
2026-03-29 21:52:39.000000000,20.730999999999998
2026-03-29 21:38:54.000000000,51.53000000000001
2026-03-29 21:40:13.000000000,28.072666666666667
2026-03-29 22:44:11.000000000,8.180000000000001
2026-03-29 22:29:32.000000000,14.557666666666668
2026-03-29 22:43:08.000000000,19.627
2026-03-29 22:34:04.000000000,22.340666666666667
2026-03-29 22:07:49.000000000,35.912333333333336
2026-03-29 22:18:18.000000000,16.90633333333333
2026-03-29 22:23:01.000000000,29.104666666666674
2026-03-29 22:38:54.000000000,5.842000000000001
2026-03-29 22:33:39.000000000,13.267666666666665
2026-03-29 22:29:07.000000000,18.326666666666664
2026-03-29 22:21:54.000000000,24.444999999999993
2026-03-29 22:10:41.000000000,26.151333333333337
2026-03-29 22:35:32.000000000,21.75033333333333
2026-03-29 22:21:21.000000000,23.942000000000004
2026-03-29 23:42:20.000000000,10.638000000000002
2026-03-29 23:50:07.000000000,16.088000000000005
2026-03-29 23:03:40.000000000,30.093333333333337
2026-03-29 23:47:31.000000000,70.271
2026-03-29 23:29:00.000000000,21.45933333333333
2026-03-29 23:07:53.000000000,14.269999999999998
2026-03-29 23:53:29.000000000,15.311666666666666
2026-03-29 23:09:10.000000000,37.212666666666664
2026-03-29 23:33:06.000000000,18.772333333333336
2026-03-29 23:10:07.000000000,13.926
2026-03-29 23:20:12.000000000,7.025999999999998
2026-03-29 23:03:35.000000000,60.34633333333333
2026-03-29 23:22:58.000000000,54.75533333333332
2026-03-29 23:52:36.000000000,7.664000000000002
2026-03-29 23:05:56.000000000,10.863
2026-03-30 00:15:20.000000000,19.563666666666666
2026-03-30 00:20:32.000000000,18.11033333333334
2026-03-30 00:54:22.000000000,39.861999999999995
2026-03-30 00:07:32.000000000,35.36900000000001
2026-03-30 00:28:08.000000000,9.101333333333335
2026-03-30 00:20:59.000000000,22.925333333333324
2026-03-30 00:19:01.000000000,15.809333333333333
2026-03-30 01:33:36.000000000,7.910333333333333
2026-03-30 01:44:25.000000000,6.189666666666668
2026-03-30 01:37:00.000000000,5.918666666666667
2026-03-30 01:02:40.000000000,38.77366666666668
2026-03-30 02:37:00.000000000,17.412666666666663
2026-03-30 02:47:37.000000000,43.449333333333335
2026-03-30 02:14:21.000000000,61.276999999999994
2026-03-30 02:54:51.000000000,31.78466666666667
2026-03-30 03:38:29.000000000,17.764666666666663
2026-03-30 03:49:49.000000000,60.41133333333335
2026-03-30 03:23:24.000000000,36.56733333333333
2026-03-30 04:18:33.000000000,31.117333333333328
2026-03-30 04:40:46.000000000,8.735333333333335
2026-03-30 05:30:25.000000000,35.656
2026-03-30 05:21:43.000000000,17.755999999999997
2026-03-30 05:33:03.000000000,12.859999999999998
2026-03-30 05:59:27.000000000,22.728666666666676
2026-03-30 05:01:52.000000000,13.348666666666663
2026-03-30 05:49:16.000000000,65.32466666666667
2026-03-30 05:13:23.000000000,8.538666666666666
2026-03-30 05:06:20.000000000,39.67633333333333
2026-03-30 05:28:22.000000000,133.05366666666666
2026-03-30 06:19:12.000000000,28.930666666666664
2026-03-30 06:59:13.000000000,65.89133333333332
2026-03-30 06:31:53.000000000,34.449333333333335
2026-03-30 06:28:11.000000000,13.256333333333329
2026-03-30 06:44:57.000000000,9.722333333333331
2026-03-30 06:19:27.000000000,15.191333333333334
2026-03-30 06:16:41.000000000,73.80899999999998
2026-03-30 06:38:08.000000000,12.665000000000001
2026-03-30 06:18:30.000000000,48.01066666666666
2026-03-30 06:35:02.000000000,25.02766666666667
2026-03-30 06:26:03.000000000,58.86133333333334
2026-03-30 07:40:39.000000000,22.137333333333334
2026-03-30 07:52:17.000000000,11.40833333333333
2026-03-30 07:46:30.000000000,48.82666666666667
2026-03-30 07:02:42.000000000,32.32899999999999
2026-03-30 07:18:20.000000000,29.21833333333333
2026-03-30 07:32:58.000000000,14.54
2026-03-30 07:03:18.000000000,18.07
2026-03-30 07:02:27.000000000,22.927
2026-03-30 07:48:28.000000000,29.577666666666666
2026-03-30 07:13:27.000000000,104.13366666666666
2026-03-30 07:42:46.000000000,17.265666666666664
2026-03-30 07:03:48.000000000,28.104666666666667
2026-03-30 07:40:24.000000000,47.83733333333335
2026-03-30 07:57:25.000000000,31.74633333333333
2026-03-30 07:37:55.000000000,15.372666666666664
2026-03-30 08:44:14.000000000,11.984333333333332
2026-03-30 08:48:54.000000000,21.87033333333333
2026-03-30 08:30:41.000000000,11.514666666666667
2026-03-30 08:48:32.000000000,13.218333333333335
2026-03-30 08:54:03.000000000,40.864
2026-03-30 08:20:20.000000000,14.102666666666668
2026-03-30 08:04:05.000000000,48.829666666666675
2026-03-30 08:11:47.000000000,15.105
2026-03-30 08:06:31.000000000,21.538333333333323
2026-03-30 08:17:03.000000000,26.30466666666667
2026-03-30 08:22:40.000000000,40.684333333333335
2026-03-30 08:39:09.000000000,32.38533333333334
2026-03-30 08:28:00.000000000,36.38599999999999
2026-03-30 08:12:58.000000000,23.10133333333334
2026-03-30 08:01:49.000000000,41.846
2026-03-30 08:03:50.000000000,11.540999999999997
2026-03-30 08:51:30.000000000,26.852666666666664
2026-03-30 08:27:42.000000000,13.636666666666667
2026-03-30 08:54:03.000000000,9.41733333333333
2026-03-30 08:27:30.000000000,18.308666666666664
2026-03-30 08:51:56.000000000,21.669666666666664
2026-03-30 09:06:04.000000000,10.34866666666667
2026-03-30 09:35:10.000000000,11.656666666666668
2026-03-30 09:42:45.000000000,9.822333333333335
2026-03-30 09:44:40.000000000,32.490333333333325
2026-03-30 09:42:32.000000000,19.782
2026-03-30 09:42:59.000000000,48.182666666666655
2026-03-30 09:41:37.000000000,19.477999999999998
2026-03-30 09:39:36.000000000,50.394
2026-03-30 09:39:31.000000000,10.553333333333335
2026-03-30 09:50:46.000000000,23.95133333333333
2026-03-30 09:29:48.000000000,25.099333333333337
2026-03-30 09:01:36.000000000,6.341333333333335
2026-03-30 09:46:05.000000000,32.06033333333333
2026-03-30 09:01:23.000000000,14.593999999999998
2026-03-30 09:33:41.000000000,16.02833333333333
2026-03-30 10:21:58.000000000,10.639666666666667
2026-03-30 10:13:47.000000000,22.171333333333333
2026-03-30 10:57:34.000000000,15.447666666666665
2026-03-30 10:14:20.000000000,8.170999999999998
2026-03-30 10:12:41.000000000,28.977333333333334
2026-03-30 10:34:56.000000000,48.094
2026-03-30 10:37:19.000000000,49.40433333333335
2026-03-30 10:52:36.000000000,27.092666666666663
2026-03-30 10:49:40.000000000,53.28433333333335
2026-03-30 10:49:20.000000000,34.30700000000001
2026-03-30 10:59:16.000000000,42.962666666666664
2026-03-30 10:53:51.000000000,39.86300000000001
2026-03-30 10:25:10.000000000,84.20333333333332
2026-03-30 10:50:28.000000000,13.954333333333333
2026-03-30 10:22:56.000000000,24.381000000000004
2026-03-30 10:30:34.000000000,17.737000000000005
2026-03-30 11:45:38.000000000,28.178666666666675
2026-03-30 11:48:05.000000000,20.05566666666667
2026-03-30 11:41:49.000000000,15.568666666666664
2026-03-30 11:04:50.000000000,48.614000000000004
2026-03-30 11:16:56.000000000,33.36300000000001
2026-03-30 11:26:33.000000000,9.120333333333333
2026-03-30 11:25:37.000000000,53.01033333333333
2026-03-30 11:16:29.000000000,40.094333333333324
2026-03-30 11:48:36.000000000,61.80200000000001
2026-03-30 11:24:12.000000000,50.49533333333334
2026-03-30 11:43:09.000000000,16.509666666666668
2026-03-30 11:51:41.000000000,80.00466666666665
2026-03-30 11:41:18.000000000,11.087666666666669
2026-03-30 11:31:06.000000000,30.598999999999997
2026-03-30 11:13:58.000000000,63.570666666666654
2026-03-30 11:53:40.000000000,9.625000000000002
2026-03-30 12:05:25.000000000,16.233333333333334
2026-03-30 12:54:54.000000000,12.096
2026-03-30 12:34:04.000000000,17.171333333333333
2026-03-30 12:33:11.000000000,7.765999999999999
2026-03-30 12:21:14.000000000,17.863999999999994
2026-03-30 12:08:48.000000000,20.234666666666666
2026-03-30 12:22:11.000000000,53.41533333333332
2026-03-30 12:41:33.000000000,7.203333333333332
2026-03-30 12:57:50.000000000,16.93033333333333
2026-03-30 12:45:24.000000000,24.908
2026-03-30 12:00:48.000000000,36.63699999999999
2026-03-30 12:54:21.000000000,29.910333333333337
2026-03-30 12:14:08.000000000,9.796333333333335
2026-03-30 12:09:10.000000000,12.879000000000001
2026-03-30 13:47:18.000000000,95.53966666666663
2026-03-30 13:59:53.000000000,21.943333333333328
2026-03-30 13:59:12.000000000,16.050333333333338
2026-03-30 13:04:39.000000000,18.407999999999998
2026-03-30 13:59:39.000000000,44.39399999999999
2026-03-30 13:58:24.000000000,21.98133333333333
2026-03-30 13:02:55.000000000,31.484666666666666
2026-03-30 13:05:39.000000000,10.540666666666665
2026-03-30 13:24:07.000000000,16.329666666666668
2026-03-30 13:17:16.000000000,23.60466666666667
2026-03-30 13:13:20.000000000,84.38433333333336
2026-03-30 13:17:39.000000000,10.239333333333333
2026-03-30 14:32:40.000000000,19.878666666666664
2026-03-30 14:27:06.000000000,15.482
2026-03-30 14:35:48.000000000,12.601
2026-03-30 14:47:27.000000000,55.62066666666665
2026-03-30 14:31:09.000000000,11.569333333333333
2026-03-30 14:25:38.000000000,14.00166666666667
2026-03-30 14:40:26.000000000,27.080999999999992
2026-03-30 14:40:49.000000000,19.673
2026-03-30 14:34:11.000000000,18.194999999999997
2026-03-30 14:44:05.000000000,15.978000000000002
2026-03-30 15:32:06.000000000,7.959333333333334
2026-03-30 15:12:42.000000000,6.1049999999999995
2026-03-30 15:31:21.000000000,39.111
2026-03-30 15:57:25.000000000,15.188666666666665
2026-03-30 15:09:57.000000000,28.238333333333337
2026-03-30 15:41:10.000000000,9.613333333333332
2026-03-30 15:01:13.000000000,28.377666666666666
2026-03-30 15:49:34.000000000,26.505
2026-03-30 15:43:43.000000000,7.235999999999999
2026-03-30 15:19:04.000000000,20.59033333333333
2026-03-30 15:51:16.000000000,83.548
2026-03-30 15:54:57.000000000,9.481666666666667
2026-03-30 15:49:36.000000000,18.063333333333336
2026-03-30 15:58:35.000000000,15.221000000000002
2026-03-30 16:16:23.000000000,23.46266666666667
2026-03-30 16:52:35.000000000,23.413333333333338
2026-03-30 16:57:12.000000000,17.66466666666667
2026-03-30 16:04:05.000000000,8.809666666666665
2026-03-30 16:28:02.000000000,28.306
2026-03-30 16:49:39.000000000,18.096666666666668
2026-03-30 16:16:54.000000000,9.819666666666667
2026-03-30 16:28:19.000000000,6.272333333333334
2026-03-30 16:14:35.000000000,9.954
2026-03-30 16:01:24.000000000,15.417666666666664
2026-03-30 16:38:30.000000000,25.673999999999992
2026-03-30 16:02:51.000000000,74.608
2026-03-30 16:50:07.000000000,7.538666666666669
2026-03-30 16:15:01.000000000,20.921
2026-03-30 16:26:41.000000000,23.854666666666663
2026-03-30 17:09:08.000000000,20.734
2026-03-30 17:00:24.000000000,17.569666666666663
2026-03-30 17:07:34.000000000,13.628999999999994
2026-03-30 17:36:36.000000000,6.423333333333334
2026-03-30 17:49:49.000000000,9.667666666666667
2026-03-30 17:24:45.000000000,35.12066666666667
2026-03-30 17:26:56.000000000,58.36933333333333
2026-03-30 17:32:29.000000000,13.34133333333333
2026-03-30 17:55:38.000000000,10.979333333333331
2026-03-30 17:49:51.000000000,9.411
2026-03-30 17:13:36.000000000,38.081999999999994
2026-03-30 17:51:18.000000000,21.714333333333336
2026-03-30 17:54:27.000000000,8.106
2026-03-30 17:14:21.000000000,12.941000000000003
2026-03-30 17:07:32.000000000,38.63166666666666
2026-03-30 17:08:08.000000000,46.779333333333334
2026-03-30 18:25:58.000000000,20.266666666666666
2026-03-30 18:24:15.000000000,19.085666666666672
2026-03-30 18:42:29.000000000,55.372
2026-03-30 18:29:36.000000000,25.19433333333333
2026-03-30 18:31:52.000000000,21.97133333333333
2026-03-30 18:15:12.000000000,13.306
2026-03-30 18:06:57.000000000,33.65166666666667
2026-03-30 18:54:29.000000000,31.397666666666666
2026-03-30 18:17:26.000000000,15.923666666666668
2026-03-30 18:03:03.000000000,24.38466666666667
2026-03-30 18:31:30.000000000,38.196
2026-03-30 18:42:12.000000000,20.881333333333334
2026-03-30 18:12:31.000000000,48.27233333333334
2026-03-30 18:41:21.000000000,7.989999999999999
2026-03-30 18:33:10.000000000,13.793333333333333
2026-03-30 18:51:30.000000000,15.596000000000004
2026-03-30 18:37:54.000000000,14.141666666666664
2026-03-30 18:22:39.000000000,84.18366666666664
2026-03-30 18:34:31.000000000,42.75566666666667
2026-03-30 18:12:44.000000000,6.977666666666668
2026-03-30 19:23:25.000000000,32.487
2026-03-30 19:39:04.000000000,7.731999999999998
2026-03-30 19:52:40.000000000,10.265333333333333
2026-03-30 19:02:21.000000000,23.598000000000006
2026-03-30 19:20:06.000000000,6.590999999999999
2026-03-30 19:33:37.000000000,26.978666666666665
2026-03-30 19:20:13.000000000,53.06433333333334
2026-03-30 19:10:19.000000000,16.921666666666663
2026-03-30 19:36:52.000000000,16.181333333333335
2026-03-30 19:41:54.000000000,23.408666666666655
2026-03-30 19:51:39.000000000,11.715333333333335
2026-03-30 19:55:45.000000000,21.523000000000003
2026-03-30 19:32:53.000000000,13.463666666666667
2026-03-30 19:24:45.000000000,45.66666666666666
2026-03-30 19:30:29.000000000,8.120666666666667
2026-03-30 19:17:57.000000000,25.521999999999995
2026-03-30 20:15:12.000000000,8.159999999999998
2026-03-30 20:47:12.000000000,27.36266666666667
2026-03-30 20:34:37.000000000,52.826333333333324
2026-03-30 20:49:22.000000000,9.682666666666668
2026-03-30 20:53:04.000000000,12.526333333333332
2026-03-30 20:54:32.000000000,9.23733333333333
2026-03-30 20:04:11.000000000,53.95766666666668
2026-03-30 20:46:22.000000000,13.783666666666669
2026-03-30 20:44:51.000000000,21.881999999999998
2026-03-30 20:49:01.000000000,12.726666666666667
2026-03-30 20:55:33.000000000,19.954000000000004
2026-03-30 20:35:46.000000000,9.241333333333332
2026-03-30 20:39:01.000000000,8.735000000000001
2026-03-30 20:07:24.000000000,6.329333333333333
2026-03-30 20:20:28.000000000,8.934333333333333
2026-03-30 21:36:33.000000000,19.714666666666666
2026-03-30 21:08:13.000000000,11.926
2026-03-30 21:42:09.000000000,14.907666666666666
2026-03-30 21:32:18.000000000,18.983333333333334
2026-03-30 21:29:08.000000000,17.735666666666663
2026-03-30 21:06:47.000000000,18.01966666666667
2026-03-30 21:35:27.000000000,47.605999999999995
2026-03-30 21:02:41.000000000,29.865666666666655
2026-03-30 21:52:41.000000000,13.263666666666667
2026-03-30 21:21:40.000000000,15.372666666666673
2026-03-30 22:49:09.000000000,48.168000000000006
2026-03-30 22:23:39.000000000,20.626333333333335
2026-03-30 22:03:18.000000000,157.37199999999999
2026-03-30 22:37:00.000000000,7.210666666666667
2026-03-30 22:49:29.000000000,19.33466666666667
2026-03-30 22:59:04.000000000,44.860666666666674
2026-03-30 22:36:56.000000000,29.26233333333333
2026-03-30 22:54:01.000000000,31.484000000000005
2026-03-30 22:14:40.000000000,19.553333333333338
2026-03-30 22:25:02.000000000,8.302333333333333
2026-03-30 22:55:22.000000000,28.198999999999998
2026-03-30 23:10:12.000000000,51.56333333333331
2026-03-30 23:54:05.000000000,10.86766666666667
2026-03-30 23:04:37.000000000,17.324666666666666
2026-03-30 23:05:23.000000000,99.84133333333335
2026-03-30 23:30:08.000000000,28.685999999999996
2026-03-30 23:01:01.000000000,33.69466666666666
2026-03-30 23:34:11.000000000,38.95266666666667
2026-03-30 23:03:41.000000000,11.53533333333333
2026-03-30 23:33:02.000000000,29.166999999999998
2026-03-30 23:01:59.000000000,54.459333333333326
2026-03-30 23:46:33.000000000,8.300333333333334
2026-03-31 00:04:51.000000000,44.281666666666666
2026-03-31 00:51:52.000000000,23.480999999999998
2026-03-31 00:39:27.000000000,26.616666666666667
2026-03-31 00:41:41.000000000,18.182999999999996
2026-03-31 00:05:19.000000000,55.75066666666667
2026-03-31 00:02:37.000000000,27.715666666666667
2026-03-31 00:06:42.000000000,8.781666666666665
2026-03-31 00:58:42.000000000,77.82800000000002
2026-03-31 01:40:03.000000000,16.374000000000002
2026-03-31 01:30:23.000000000,17.91133333333334
2026-03-31 01:07:04.000000000,70.44833333333331
2026-03-31 01:08:37.000000000,28.176333333333336
2026-03-31 02:46:52.000000000,14.292333333333335
2026-03-31 02:47:56.000000000,23.854333333333336
2026-03-31 03:24:25.000000000,27.61166666666667
2026-03-31 03:49:56.000000000,16.72266666666667
2026-03-31 05:40:08.000000000,11.126
2026-03-31 05:06:03.000000000,14.925666666666661
2026-03-31 05:13:35.000000000,8.604000000000001
2026-03-31 05:02:59.000000000,8.946333333333335
2026-03-31 05:00:19.000000000,104.3776666666667
2026-03-31 05:22:44.000000000,58.42666666666665
2026-03-31 05:44:08.000000000,23.60766666666666
2026-03-31 05:57:10.000000000,25.634666666666664
2026-03-31 05:25:02.000000000,25.676000000000005
2026-03-31 06:52:23.000000000,8.065333333333335
2026-03-31 06:54:10.000000000,8.064333333333334
2026-03-31 06:37:33.000000000,29.825666666666674
2026-03-31 06:23:57.000000000,26.601333333333326
2026-03-31 06:36:01.000000000,28.588666666666665
2026-03-31 06:49:50.000000000,8.094333333333333
2026-03-31 06:00:20.000000000,15.39566666666667
2026-03-31 06:18:19.000000000,52.02266666666666
2026-03-31 06:56:21.000000000,6.254333333333333
2026-03-31 06:17:37.000000000,31.78666666666667
2026-03-31 06:42:54.000000000,8.293
2026-03-31 06:37:17.000000000,17.661
2026-03-31 06:12:28.000000000,35.132666666666665
2026-03-31 06:58:32.000000000,49.15533333333333
2026-03-31 07:50:22.000000000,8.122000000000003
2026-03-31 07:05:22.000000000,17.677
2026-03-31 07:17:26.000000000,17.688666666666666
2026-03-31 07:23:23.000000000,17.253666666666668
2026-03-31 07:28:55.000000000,144.25500000000005
2026-03-31 07:05:49.000000000,17.902666666666665
2026-03-31 07:18:27.000000000,39.422999999999995
2026-03-31 07:40:21.000000000,10.871999999999998
2026-03-31 07:28:15.000000000,9.344666666666665
2026-03-31 07:34:07.000000000,42.53366666666666
2026-03-31 07:27:14.000000000,17.59
2026-03-31 07:51:00.000000000,18.459999999999997
2026-03-31 07:15:21.000000000,15.654
2026-03-31 07:53:37.000000000,37.602333333333334
2026-03-31 07:45:28.000000000,17.855333333333338
2026-03-31 07:01:22.000000000,17.088333333333328
2026-03-31 07:44:56.000000000,10.730666666666666
2026-03-31 07:14:51.000000000,25.459666666666674
2026-03-31 07:44:56.000000000,12.960333333333331
2026-03-31 07:47:47.000000000,10.795333333333334
2026-03-31 07:14:52.000000000,10.911
2026-03-31 08:38:52.000000000,19.452666666666666
2026-03-31 08:05:50.000000000,7.778
2026-03-31 08:21:18.000000000,6.941666666666668
2026-03-31 08:29:10.000000000,22.276666666666667
2026-03-31 08:17:58.000000000,24.982999999999997
2026-03-31 08:44:19.000000000,48.48966666666666
2026-03-31 08:21:23.000000000,49.306333333333335
2026-03-31 08:52:32.000000000,18.956
2026-03-31 08:26:31.000000000,9.240666666666668
2026-03-31 08:58:57.000000000,19.192333333333334
2026-03-31 08:07:02.000000000,12.762666666666666
2026-03-31 08:59:32.000000000,32.48466666666666
2026-03-31 08:35:50.000000000,7.702333333333334
2026-03-31 08:11:45.000000000,33.32399999999999
2026-03-31 08:54:23.000000000,7.604666666666668
2026-03-31 08:00:53.000000000,10.577
2026-03-31 08:34:33.000000000,12.51866666666667
2026-03-31 08:07:38.000000000,11.479000000000001
2026-03-31 08:06:27.000000000,9.119333333333335
2026-03-31 09:01:27.000000000,8.718999999999998
2026-03-31 09:16:37.000000000,8.148
2026-03-31 09:57:31.000000000,74.20366666666668
2026-03-31 09:10:48.000000000,17.629333333333328
2026-03-31 09:53:56.000000000,6.525333333333333
2026-03-31 09:04:55.000000000,13.173666666666668
2026-03-31 09:59:31.000000000,8.076333333333334
2026-03-31 09:32:22.000000000,25.971333333333334
2026-03-31 09:42:10.000000000,25.38
2026-03-31 09:00:37.000000000,14.429333333333336
2026-03-31 09:07:51.000000000,31.05033333333334
2026-03-31 09:06:35.000000000,38.809666666666665
2026-03-31 09:58:59.000000000,39.81633333333334
2026-03-31 09:59:31.000000000,51.01366666666666
2026-03-31 09:57:22.000000000,25.927000000000007
2026-03-31 09:57:31.000000000,12.269333333333337
2026-03-31 09:47:55.000000000,37.02633333333334
2026-03-31 09:59:47.000000000,7.1949999999999985
2026-03-31 09:33:26.000000000,7.882999999999999
2026-03-31 09:15:27.000000000,10.182999999999998
2026-03-31 09:02:17.000000000,15.728333333333326
2026-03-31 09:12:30.000000000,20.91
2026-03-31 09:32:58.000000000,20.01
2026-03-31 09:52:22.000000000,54.64466666666667
2026-03-31 10:24:21.000000000,65.15066666666667
2026-03-31 10:56:12.000000000,41.095
2026-03-31 10:19:30.000000000,15.200333333333337
2026-03-31 10:19:55.000000000,34.407666666666664
2026-03-31 10:09:04.000000000,9.298
2026-03-31 10:47:12.000000000,14.865
2026-03-31 10:15:46.000000000,16.137333333333334
2026-03-31 10:57:16.000000000,21.16733333333333
2026-03-31 10:02:37.000000000,8.840333333333335
2026-03-31 10:29:09.000000000,9.400666666666666
2026-03-31 11:11:25.000000000,35.02066666666668
2026-03-31 11:17:08.000000000,20.753000000000007
2026-03-31 11:22:05.000000000,32.024
2026-03-31 11:40:34.000000000,78.106
2026-03-31 11:47:37.000000000,13.018666666666665
2026-03-31 11:23:57.000000000,20.112333333333332
2026-03-31 11:07:34.000000000,10.504999999999997
2026-03-31 12:59:47.000000000,21.915333333333333
2026-03-31 12:10:39.000000000,5.629333333333334
2026-03-31 12:01:36.000000000,31.763999999999996
2026-03-31 12:28:24.000000000,21.313333333333333
2026-03-31 12:37:42.000000000,13.156666666666668
2026-03-31 12:46:10.000000000,25.682666666666666
2026-03-31 12:01:11.000000000,17.215666666666667
2026-03-31 12:26:37.000000000,66.44866666666668
2026-03-31 12:00:41.000000000,9.740999999999996
2026-03-31 12:57:28.000000000,43.83933333333333
2026-03-31 12:44:17.000000000,15.040333333333331
2026-03-31 12:44:56.000000000,45.528
2026-03-31 12:28:19.000000000,7.196333333333332
2026-03-31 12:07:40.000000000,24.851666666666674
2026-03-31 12:58:07.000000000,7.2076666666666656
2026-03-31 12:10:19.000000000,7.426
2026-03-31 12:31:03.000000000,58.084666666666664
2026-03-31 13:24:35.000000000,52.20899999999999
2026-03-31 13:36:59.000000000,9.853000000000007
2026-03-31 13:28:45.000000000,61.439333333333366
2026-03-31 13:32:03.000000000,41.80133333333334
2026-03-31 13:25:15.000000000,14.987999999999998
2026-03-31 13:58:00.000000000,6.990000000000003
2026-03-31 13:46:56.000000000,51.64866666666667
2026-03-31 13:50:02.000000000,19.369000000000003
2026-03-31 13:52:16.000000000,64.22233333333332
2026-03-31 14:55:43.000000000,17.72166666666666
2026-03-31 14:24:55.000000000,7.2973333333333334
2026-03-31 14:42:39.000000000,13.545333333333332
2026-03-31 14:10:54.000000000,7.416
2026-03-31 14:57:37.000000000,6.570666666666667
2026-03-31 14:14:26.000000000,82.62233333333334
2026-03-31 14:59:44.000000000,15.791666666666668
2026-03-31 14:25:06.000000000,26.000999999999998
2026-03-31 14:07:22.000000000,10.702333333333335
2026-03-31 14:33:51.000000000,35.24166666666668
2026-03-31 14:19:16.000000000,14.991333333333332
2026-03-31 14:44:58.000000000,21.116000000000003
2026-03-31 14:17:00.000000000,34.989
2026-03-31 14:44:21.000000000,103.24099999999999
2026-03-31 14:36:47.000000000,35.150000000000006
2026-03-31 14:15:35.000000000,22.290666666666663
2026-03-31 14:45:12.000000000,15.523333333333332
2026-03-31 14:37:11.000000000,16.316333333333336
2026-03-31 14:31:13.000000000,41.44066666666666
2026-03-31 15:56:52.000000000,10.737666666666668
2026-03-31 15:38:57.000000000,31.719666666666665
2026-03-31 15:33:51.000000000,9.553666666666667
2026-03-31 15:16:10.000000000,51.25699999999999
2026-03-31 15:13:33.000000000,38.63333333333333
2026-03-31 15:41:15.000000000,24.441999999999997
2026-03-31 15:46:24.000000000,23.40566666666667
2026-03-31 15:37:03.000000000,15.211666666666662
2026-03-31 15:57:51.000000000,28.355666666666664
2026-03-31 15:13:20.000000000,11.153
2026-03-31 15:07:15.000000000,123.93833333333333
2026-03-31 15:51:18.000000000,8.293666666666669
2026-03-31 15:03:21.000000000,10.516666666666671
2026-03-31 16:59:43.000000000,24.235333333333326
2026-03-31 16:38:44.000000000,17.551666666666666
2026-03-31 16:39:45.000000000,10.924666666666667
2026-03-31 16:10:35.000000000,19.83333333333333
2026-03-31 16:41:12.000000000,21.639999999999997
2026-03-31 16:34:40.000000000,11.133333333333335
2026-03-31 16:22:40.000000000,36.85800000000001
2026-03-31 16:35:47.000000000,7.218999999999998
2026-03-31 16:40:45.000000000,35.643666666666675
2026-03-31 16:52:06.000000000,18.658999999999992
2026-03-31 16:06:35.000000000,18.752333333333333
2026-03-31 16:30:57.000000000,14.844666666666667
2026-03-31 16:22:55.000000000,18.667666666666666
2026-03-31 17:54:09.000000000,29.139666666666667
2026-03-31 17:55:41.000000000,14.326333333333332
2026-03-31 17:42:58.000000000,12.649666666666668
2026-03-31 17:48:00.000000000,24.50066666666667
2026-03-31 17:40:00.000000000,38.85233333333334
2026-03-31 17:35:37.000000000,30.256666666666668
2026-03-31 17:36:42.000000000,16.995
2026-03-31 17:28:30.000000000,10.629
2026-03-31 17:42:31.000000000,20.57933333333333
2026-03-31 17:15:55.000000000,8.390333333333329
2026-03-31 18:21:50.000000000,15.486333333333334
2026-03-31 18:18:25.000000000,10.581999999999999
2026-03-31 18:14:10.000000000,23.33233333333333
2026-03-31 18:04:56.000000000,13.152333333333331
2026-03-31 18:24:55.000000000,37.98766666666666
2026-03-31 18:55:11.000000000,12.558999999999997
2026-03-31 18:12:16.000000000,14.34133333333333
2026-03-31 18:48:45.000000000,17.538666666666664
2026-03-31 18:30:21.000000000,159.06866666666667
2026-03-31 18:52:28.000000000,30.581666666666667
2026-03-31 18:53:25.000000000,37.919999999999995
2026-03-31 18:24:54.000000000,13.618333333333332
2026-03-31 18:25:26.000000000,22.002
2026-03-31 18:50:01.000000000,12.459666666666667
2026-03-31 18:34:22.000000000,37.10133333333333
2026-03-31 18:13:47.000000000,49.948999999999984
2026-03-31 18:00:21.000000000,14.209999999999999
2026-03-31 18:44:10.000000000,21.514333333333337
2026-03-31 18:35:32.000000000,55.85166666666665
2026-03-31 19:05:14.000000000,197.51899999999992
2026-03-31 19:30:41.000000000,20.375666666666664
2026-03-31 19:28:08.000000000,19.776333333333337
2026-03-31 19:12:46.000000000,34.439666666666675
2026-03-31 19:29:54.000000000,23.08966666666667
2026-03-31 19:57:52.000000000,22.092000000000006
2026-03-31 19:00:12.000000000,13.336999999999998
2026-03-31 19:01:37.000000000,16.396333333333335
2026-03-31 19:31:03.000000000,36.81466666666666
2026-03-31 20:18:18.000000000,10.709666666666669
2026-03-31 20:25:25.000000000,9.836000000000007
2026-03-31 20:40:46.000000000,31.738333333333333
2026-03-31 20:02:13.000000000,27.498333333333342
2026-03-31 20:59:56.000000000,26.243333333333336
2026-03-31 20:57:01.000000000,6.463
2026-03-31 20:14:25.000000000,18.012999999999998
2026-03-31 20:02:26.000000000,16.133000000000003
2026-03-31 20:02:15.000000000,23.965999999999998
2026-03-31 20:41:22.000000000,17.939
2026-03-31 20:27:29.000000000,15.842999999999998
2026-03-31 20:50:51.000000000,27.210666666666658
2026-03-31 20:27:23.000000000,59.33033333333333
2026-03-31 20:43:24.000000000,28.651000000000003
2026-03-31 20:44:52.000000000,17.809
2026-03-31 20:15:52.000000000,12.838000000000001
2026-03-31 20:04:28.000000000,46.09866666666666
2026-03-31 21:12:45.000000000,9.212333333333332
2026-03-31 21:21:50.000000000,7.811333333333332
2026-03-31 21:50:40.000000000,28.412333333333326
2026-03-31 21:24:25.000000000,16.232666666666667
2026-03-31 21:18:24.000000000,48.272999999999996
2026-03-31 21:21:37.000000000,32.74133333333334
2026-03-31 21:53:10.000000000,14.306000000000001
2026-03-31 21:00:48.000000000,40.79600000000001
2026-03-31 21:20:41.000000000,59.28199999999999
2026-03-31 21:57:15.000000000,7.270000000000001
2026-03-31 21:17:17.000000000,9.368666666666666
2026-03-31 21:55:04.000000000,48.63633333333333
2026-03-31 21:22:07.000000000,35.34266666666667
2026-03-31 21:33:39.000000000,79.41466666666666
2026-03-31 21:12:36.000000000,44.90866666666667
2026-03-31 21:19:42.000000000,21.514666666666667
2026-03-31 21:16:27.000000000,15.99333333333334
2026-03-31 21:55:44.000000000,19.28366666666667
2026-03-31 21:46:49.000000000,17.642
2026-03-31 21:03:15.000000000,26.232666666666663
2026-03-31 21:26:12.000000000,8.089999999999998
2026-03-31 22:24:59.000000000,30.241666666666664
2026-03-31 22:34:40.000000000,24.136000000000003
2026-03-31 22:24:20.000000000,40.42733333333334
2026-03-31 22:39:16.000000000,25.325000000000003
2026-03-31 22:03:05.000000000,46.943999999999996
2026-03-31 22:30:10.000000000,39.480000000000004
2026-03-31 22:32:44.000000000,7.934666666666667
2026-03-31 22:16:05.000000000,143.35266666666666
2026-03-31 22:23:37.000000000,12.479999999999997
2026-03-31 22:36:49.000000000,22.186
2026-03-31 23:00:43.000000000,32.46166666666667
2026-03-31 23:36:07.000000000,18.47233333333333
2026-03-31 23:06:20.000000000,22.588333333333335
2026-03-31 23:59:45.000000000,39.14833333333333
2026-03-31 23:19:23.000000000,80.09866666666669
2026-03-31 23:32:45.000000000,114.9366666666667
2026-03-31 23:08:39.000000000,29.62666666666667
2026-03-31 23:09:09.000000000,19.900333333333332
2026-03-31 23:39:46.000000000,30.387999999999995
2026-03-31 23:45:44.000000000,13.383999999999999
